
+1.13920000E-02
+1.13867600E-02
+1.13878100E-02
+1.13909500E-02
+1.13909500E-02
+1.13951500E-02
+1.13888600E-02
+1.13836100E-02
+1.13857100E-02
+1.13909500E-02
+1.13899100E-02
+1.13878100E-02
+1.13909500E-02
+1.13857100E-02
+1.13825600E-02
+1.13920000E-02
+1.13836100E-02
+1.13909500E-02
+1.13825600E-02
+1.13920000E-02
+1.13930500E-02
+1.13930500E-02
+1.13867600E-02
+1.13941000E-02
+1.13951500E-02
+1.13878100E-02
+1.13878100E-02
+1.13867600E-02
+1.13930500E-02
+1.13899100E-02
+1.23432600E-02
+5.26023200E-02
+5.27113900E-02
+5.24701700E-02
+5.18765500E-02
+6.56661200E-02
+4.75251000E-02
+6.57028300E-02
+1.21563750E-01
+1.21196680E-01
+1.21357140E-01
+1.21073970E-01
+1.21064530E-01
+1.21275340E-01
+1.21079210E-01
+1.21195630E-01
+1.20937620E-01
+1.21564800E-01
+1.21606760E-01
+1.21079210E-01
+1.21247020E-01
+1.21554320E-01
+1.21125360E-01
+1.33484380E-01
+1.21500830E-01
+1.21170460E-01
+1.21603610E-01
+1.21409580E-01
+1.21421120E-01
+1.32828880E-01
+1.21667590E-01
+1.32701980E-01
+1.21114870E-01
+1.32940060E-01
+1.21532290E-01
+1.32956840E-01
+1.21415870E-01
+1.26497310E-01
+1.21884690E-01
+1.21421120E-01
+1.21610950E-01
+1.21751490E-01
+1.21039360E-01
+1.21536490E-01
+1.21850080E-01
+1.21637170E-01
+1.21558510E-01
+1.21742050E-01
+1.21475660E-01
+1.21553270E-01
+1.21324630E-01
+1.21648710E-01
+1.21800780E-01
+1.21645560E-01
+1.21717930E-01
+1.21708490E-01
+1.21596270E-01
+1.21589970E-01
+1.21369730E-01
+1.21469360E-01
+1.21259600E-01
+1.21192480E-01
+1.21887830E-01
+1.21876300E-01
+1.21495580E-01
+1.22208760E-01
+1.21792390E-01
+1.21895170E-01
+1.21567950E-01
+1.21883640E-01
+1.21228140E-01
+1.21902520E-01
+1.21687510E-01
+1.21593120E-01
+1.21403290E-01
+1.22156320E-01
+1.21532290E-01
+1.21539630E-01
+1.21849030E-01
+1.21822810E-01
+1.21797640E-01
+1.21391750E-01
+1.21695900E-01
+1.21820710E-01
+1.22029420E-01
+1.21626680E-01
+1.21507120E-01
+1.21489290E-01
+1.21559560E-01
+1.22065080E-01
+1.22025220E-01
+1.21320430E-01
+1.21880490E-01
+1.21793440E-01
+1.22036760E-01
+1.21403290E-01
+1.21447340E-01
+1.21498730E-01
+1.22087100E-01
+1.21379170E-01
+1.22079760E-01
+1.21565850E-01
+5.20611400E-02
+1.13846600E-02
+1.13825600E-02
+1.13899100E-02
+1.13836100E-02
+1.13825600E-02
+1.13920000E-02
+1.13857100E-02
+1.13962000E-02
+1.13846600E-02
+1.13846600E-02
+1.13815200E-02
+1.13878100E-02
+1.13930500E-02
+1.13899100E-02
+1.13836100E-02
+1.13920000E-02
+1.13972500E-02
+1.13815200E-02
+1.13920000E-02
+1.13951500E-02
+1.13878100E-02
+1.13878100E-02
+1.13941000E-02
+1.13951500E-02
+1.13941000E-02
+1.13888600E-02
+1.13878100E-02
+1.13899100E-02
