
+1.31120300E-02
+1.30805600E-02
+1.30753200E-02
+1.30858100E-02
+1.30931500E-02
+1.30837100E-02
+1.30763700E-02
+1.30847600E-02
+1.30826600E-02
+1.30847600E-02
+1.30847600E-02
+1.30826600E-02
+1.30837100E-02
+1.30753200E-02
+1.30805600E-02
+1.30805600E-02
+1.30900000E-02
+1.30732200E-02
+1.30616800E-02
+1.30491000E-02
+1.30218300E-02
+1.29966600E-02
+1.29851200E-02
+1.29830200E-02
+1.29851200E-02
+1.29809300E-02
+1.29284900E-02
+1.29263900E-02
+1.30082000E-02
+1.29610000E-02
+1.37025000E-02
+1.42069700E-02
+2.69739600E-02
+1.21705340E-01
+1.22266450E-01
+1.22415380E-01
+1.23145340E-01
+1.23197780E-01
+1.23005850E-01
+1.22877890E-01
+1.22583180E-01
+1.22756230E-01
+1.22591570E-01
+1.22151080E-01
+1.29383590E-01
+1.22620940E-01
+1.30450220E-01
+1.22766720E-01
+1.22603110E-01
+1.22604160E-01
+1.22789800E-01
+1.22726870E-01
+1.29193760E-01
+1.22609400E-01
+1.29572380E-01
+1.22693310E-01
+1.29610130E-01
+1.22916700E-01
+1.28608540E-01
+1.22951310E-01
+1.23370830E-01
+1.22873700E-01
+1.23055140E-01
+1.22632480E-01
+1.23456830E-01
+1.22853770E-01
+1.22538080E-01
+1.22913550E-01
+1.22601010E-01
+1.22567450E-01
+1.22550670E-01
+1.22499280E-01
+1.22812870E-01
+1.22607310E-01
+1.22728970E-01
+1.23054090E-01
+1.22763580E-01
+1.23000600E-01
+1.22912500E-01
+1.23099190E-01
+1.22739450E-01
+1.22836990E-01
+1.22733160E-01
+1.22888380E-01
+1.22562210E-01
+1.22871600E-01
+1.22543330E-01
+1.23221900E-01
+1.22831750E-01
+1.22957600E-01
+1.22724770E-01
+1.22943970E-01
+1.22690160E-01
+1.23045700E-01
+1.22867410E-01
+1.22651350E-01
+1.23025770E-01
+1.22784550E-01
+1.22774060E-01
+1.22954460E-01
+1.22907260E-01
+1.22924040E-01
+1.22812870E-01
+1.22750990E-01
+1.23117020E-01
+1.22960750E-01
+1.23168410E-01
+1.22932430E-01
+1.23262800E-01
+1.23076120E-01
+1.23445290E-01
+1.23134850E-01
+1.23370830E-01
+1.23285870E-01
+1.23032070E-01
+1.23326780E-01
+1.22969140E-01
+1.23195680E-01
+1.22978580E-01
+1.23130650E-01
+1.22861110E-01
+1.23244970E-01
+1.23109680E-01
+1.22971240E-01
+1.23212460E-01
+7.80555300E-02
+1.65562700E-02
+1.61241600E-02
+1.57277200E-02
+1.53564500E-02
+1.49453200E-02
+1.45761400E-02
+1.42678000E-02
+1.40444000E-02
+1.38451300E-02
+1.36710300E-02
+1.35179100E-02
+1.33962500E-02
+1.33008100E-02
+1.32284400E-02
+1.31833400E-02
+1.31571200E-02
+1.31518800E-02
+1.31445400E-02
+1.31361500E-02
+1.31330000E-02
+1.31277600E-02
+1.31277600E-02
+1.31193700E-02
+1.31183200E-02
+1.31267100E-02
+1.31214600E-02
+1.31235600E-02
+1.31204200E-02
+1.31382500E-02
+1.31214600E-02
+1.31172700E-02
+1.31183200E-02
+1.31130700E-02
+1.31256600E-02
+1.31151700E-02
+1.31214600E-02
+1.31193700E-02
+1.31141200E-02
+1.31109800E-02
+1.31193700E-02
+1.31141200E-02
+1.31151700E-02
+1.31120300E-02
+1.31183200E-02
+1.31109800E-02
+1.31067800E-02
+1.31151700E-02
+1.31151700E-02
+1.31162200E-02
+1.31120300E-02
+1.31046800E-02
+1.31099300E-02
+1.31088800E-02
+1.31130700E-02
+1.31099300E-02
+1.31057300E-02
+1.31141200E-02
+1.31141200E-02
+1.31130700E-02
+1.31130700E-02
+1.31057300E-02
+1.31025900E-02
+1.31015400E-02
+1.31025900E-02
+1.31130700E-02
+1.31204200E-02
+1.31267100E-02
+1.31319500E-02
+1.31372000E-02
+1.31288100E-02
+1.31267100E-02
+1.31183200E-02
+1.31172700E-02
+1.31172700E-02
+1.31109800E-02
+1.31141200E-02
+1.31193700E-02
+1.31372000E-02
+1.31204200E-02
