
+1.13888600E-02
+1.13941000E-02
+1.13909500E-02
+1.13941000E-02
+1.13888600E-02
+1.13857100E-02
+1.13867600E-02
+1.13878100E-02
+1.13857100E-02
+1.13920000E-02
+1.13899100E-02
+1.13846600E-02
+1.13878100E-02
+1.13867600E-02
+1.13920000E-02
+1.13888600E-02
+1.13857100E-02
+1.13899100E-02
+1.13867600E-02
+1.13846600E-02
+1.13857100E-02
+1.13899100E-02
+1.13941000E-02
+1.13867600E-02
+1.13846600E-02
+1.13888600E-02
+1.13888600E-02
+1.13794200E-02
+1.13867600E-02
+1.13920000E-02
+1.13951500E-02
+1.13899100E-02
+1.13899100E-02
+1.13878100E-02
+1.13930500E-02
+1.13930500E-02
+1.13846600E-02
+1.13857100E-02
+1.13888600E-02
+1.13878100E-02
+1.13909500E-02
+1.13899100E-02
+1.13836100E-02
+1.13878100E-02
+1.13909500E-02
+1.13878100E-02
+1.13962000E-02
+1.13962000E-02
+1.13857100E-02
+1.13867600E-02
+1.13941000E-02
+1.13836100E-02
+1.13909500E-02
+1.13920000E-02
+1.13899100E-02
+1.13857100E-02
+1.13909500E-02
+1.13930500E-02
+1.13941000E-02
+1.13941000E-02
+1.13857100E-02
+1.13867600E-02
+1.13930500E-02
+1.13846600E-02
+1.13920000E-02
+1.13836100E-02
+1.13857100E-02
+1.13867600E-02
+1.13878100E-02
+1.13888600E-02
+1.13909500E-02
+1.13857100E-02
+1.13941000E-02
+1.13867600E-02
+1.13909500E-02
+1.13825600E-02
+1.13878100E-02
+1.13920000E-02
+1.13899100E-02
+1.13857100E-02
+1.13920000E-02
+1.13762700E-02
+1.13878100E-02
+1.13888600E-02
+1.13846600E-02
+1.13899100E-02
+1.13888600E-02
+1.13899100E-02
+1.13888600E-02
+1.13899100E-02
+1.13888600E-02
+1.13836100E-02
+1.13941000E-02
+1.13857100E-02
+1.13888600E-02
+1.13867600E-02
+1.13867600E-02
+1.13815200E-02
+1.13888600E-02
+1.13909500E-02
+1.13878100E-02
+1.13867600E-02
+1.13857100E-02
+1.13888600E-02
+1.13857100E-02
+1.13899100E-02
+1.13857100E-02
+1.13878100E-02
+1.13899100E-02
+1.13941000E-02
+1.13836100E-02
+1.13846600E-02
+1.13920000E-02
+1.13846600E-02
+1.13888600E-02
+1.13857100E-02
+1.13920000E-02
+1.13920000E-02
+1.13888600E-02
+1.13815200E-02
+1.13846600E-02
+1.13794200E-02
+1.13878100E-02
+1.13888600E-02
+1.13878100E-02
+1.13815200E-02
+1.13899100E-02
+1.13888600E-02
+1.13878100E-02
+1.13815200E-02
+1.13773200E-02
+1.13825600E-02
+1.13920000E-02
+1.13815200E-02
+1.13930500E-02
+1.13857100E-02
+1.13867600E-02
+1.13899100E-02
+1.13867600E-02
+1.13951500E-02
+1.13867600E-02
+1.13867600E-02
+1.13909500E-02
+1.13804700E-02
+1.13867600E-02
+1.79480200E-02
+5.11382000E-02
+5.14958400E-02
+5.24093400E-02
+5.14455000E-02
+5.07868500E-02
+4.75314000E-02
+4.73803700E-02
+4.72838800E-02
+4.72199000E-02
+4.72094200E-02
+4.71727100E-02
+4.71748100E-02
+4.71716600E-02
+4.71748100E-02
+4.71821500E-02
+4.71852900E-02
+4.71852900E-02
+4.71852900E-02
+4.71842400E-02
+4.71842400E-02
+4.71842400E-02
+4.71894900E-02
+4.71852900E-02
+4.71947300E-02
+1.20846380E-01
+1.20782400E-01
+1.34540520E-01
+1.20873650E-01
+1.20975380E-01
+1.21530190E-01
+1.21387560E-01
+1.21511320E-01
+1.21269040E-01
+1.21494530E-01
+1.20851620E-01
+1.21554320E-01
+1.21503970E-01
+1.21047750E-01
+1.21506070E-01
+1.21465170E-01
+1.21379170E-01
+1.21062430E-01
+1.21044600E-01
+1.21478800E-01
+1.21369730E-01
+1.20987970E-01
+1.21488240E-01
+1.21694850E-01
+1.20997410E-01
+1.32752320E-01
+1.21467270E-01
+1.32783790E-01
+1.21533340E-01
+1.36407390E-01
+1.22157370E-01
+1.22544380E-01
+1.21994810E-01
+1.21516560E-01
+1.21057190E-01
+1.21643460E-01
+1.21661290E-01
+1.21341410E-01
+1.21915100E-01
+1.21362390E-01
+1.21749390E-01
+1.21586830E-01
+1.21700100E-01
+1.21312040E-01
+1.21601510E-01
+1.21022580E-01
+1.21056140E-01
+1.21441050E-01
+1.21553270E-01
+1.20972230E-01
+1.21553270E-01
+1.21298410E-01
+1.21575290E-01
+1.21321480E-01
+1.21594170E-01
+1.20897770E-01
+1.21164160E-01
+1.21163120E-01
+1.21462020E-01
+1.22292670E-01
+1.22482500E-01
+1.22263300E-01
+1.22526550E-01
+1.22293720E-01
+1.22091300E-01
+1.22268540E-01
+1.22143740E-01
+1.21800780E-01
+1.21680170E-01
+1.22214010E-01
+1.21539630E-01
+1.21358190E-01
+1.21244920E-01
+1.21975930E-01
+1.21530190E-01
+1.21990610E-01
+1.21897270E-01
+1.21274290E-01
+1.21501880E-01
+1.21232340E-01
+1.21420070E-01
+1.21304700E-01
+1.21435800E-01
+1.21231290E-01
+1.21902520E-01
+1.21384410E-01
+1.21866860E-01
+1.21731560E-01
+1.21901470E-01
+1.21477750E-01
+1.21895170E-01
+1.21492440E-01
+1.21850080E-01
+1.22659740E-01
+1.22025220E-01
+1.13846600E-02
+1.13846600E-02
+1.13815200E-02
+1.13867600E-02
+1.13857100E-02
+1.13783700E-02
+1.13836100E-02
+1.13909500E-02
+1.13783700E-02
+1.13836100E-02
+1.13815200E-02
+1.13857100E-02
+1.13878100E-02
+1.13846600E-02
+1.13836100E-02
+1.13951500E-02
+1.13878100E-02
+1.13825600E-02
+1.13846600E-02
+1.13815200E-02
+1.13836100E-02
+1.13888600E-02
+1.13888600E-02
+1.13878100E-02
+1.13930500E-02
+1.13878100E-02
+1.13846600E-02
+1.13836100E-02
+1.13867600E-02
+1.13867600E-02
+1.13888600E-02
+1.13815200E-02
+1.13867600E-02
+1.13783700E-02
+1.13857100E-02
+1.13836100E-02
+1.13825600E-02
+1.13909500E-02
+1.13878100E-02
+1.13857100E-02
+1.13867600E-02
+1.13899100E-02
+1.13857100E-02
+1.13878100E-02
+1.13888600E-02
+1.13899100E-02
+1.13878100E-02
+1.13899100E-02
+1.13899100E-02
+1.13857100E-02
+1.13941000E-02
+1.13825600E-02
+1.13972500E-0