
+3.52928040E-02
+6.62500820E-02
+8.53896330E-02
+6.86413480E-02
+6.94065840E-02
+6.96840130E-02
+6.94531300E-02
+6.96557170E-02
+6.93204640E-02
+7.96813130E-02
+3.53229460E-02
+6.74848790E-02
+8.52990020E-02
+6.82310480E-02
+6.97301490E-02
+6.94381610E-02
+6.97789500E-02
+6.94873730E-02
+7.11837320E-02
+7.37652810E-02
+7.00971840E-02
+7.03610820E-02
+7.02175460E-02
+7.03213020E-02
+6.89079100E-02
+6.40702200E-02
+7.02636840E-02
+7.11453880E-02
+8.58085450E-02
+3.70424770E-02
+5.69743420E-02
+8.51376290E-02
+7.05345520E-02
+6.94262680E-02
+6.97676720E-02
+6.95072620E-02
+6.97336350E-02
+6.93622940E-02
+8.09347700E-02
+3.53065420E-02
+6.61705240E-02
+6.51623050E-02
+6.53044020E-02
+6.51807590E-02
+8.53008470E-02
+7.01789980E-02
+6.97280980E-02
+6.97012370E-02
+5.91156550E-02
+6.97352750E-02
+6.94715840E-02
+8.21763330E-02
+3.46251690E-02
+6.81877830E-02
+6.52476040E-02
+6.52847180E-02
+6.52430930E-02
+8.52930550E-02
+6.88988880E-02
+6.94689180E-02
+6.95954330E-02
+6.05325340E-02
+6.97354800E-02
+6.94580510E-02
+6.98630190E-02
+6.94311900E-02
+6.65283310E-02
+8.24338720E-02
+3.53573940E-02
+6.44842110E-02
+8.53728190E-02
+6.83335720E-02
+6.96649440E-02
+6.94502590E-02
+6.97268680E-02
+6.94363160E-02
+6.95985080E-02
+7.52623340E-02
+3.45925660E-02
+6.81672780E-02
+8.54433550E-02
+6.88900700E-02
+6.97723890E-02
+6.94535400E-02
+6.97867420E-02
+6.95037760E-02
+7.74870990E-02
+4.66124630E-02
+3.60791640E-02
+7.86938040E-02
+8.57667150E-02
+6.95720570E-02
+6.98554330E-02
+6.98388240E-02
+6.95591390E-02
+6.98603540E-02
+8.71470920E-02
+7.00939030E-02
+7.00684770E-02
+7.01375780E-02
+6.98808590E-02
+6.90087930E-02
+6.99403220E-02
+7.02856240E-02
+7.07588740E-02
+7.08531950E-02
+6.86622630E-02
+3.60584540E-02
+7.07211450E-02
+8.53143800E-02
+6.90979890E-02
+6.98113480E-02
+6.98084770E-02
+6.95821050E-02
+6.98593290E-02
+7.42256120E-02
+5.27960850E-02
+3.60408200E-02
+7.82142000E-02
+8.56283080E-02
+6.94812210E-02
+6.94752750E-02
+6.97272780E-02
+6.95277670E-02
+6.98523570E-02
+8.68091760E-02
+3.68813100E-02
+4.68497030E-02
+8.51657210E-02
+7.57185630E-02
+6.97742340E-02
+6.95718520E-02
+6.98179090E-02
+6.95355590E-02
+6.97303540E-02
+8.68870940E-02
+3.53169990E-02
+6.76880810E-02
+8.53289390E-02
+6.82328940E-02
+6.98156540E-02
+6.95400700E-02
+6.98382090E-02
+6.95255110E-02
+7.04642200E-02
+5.75901000E-02
+3.60623500E-02
+7.26373140E-02
+8.53385760E-02
+6.90083830E-02
+6.98501010E-02
+6.95574990E-02
+6.98722470E-02
+6.95972780E-02
+8.43896140E-02
+3.66619080E-02
+3.98557320E-02
+6.80887430E-02
+6.53552540E-02
+6.52517050E-02
+7.80282220E-02
+8.48833690E-02
+6.96592020E-02
+6.98117580E-02
+6.95685710E-02
+6.98558430E-02
+6.96985710E-02
+8.67382300E-02
+3.60242110E-02
+5.96163810E-02
+6.51889610E-02
+6.51391340E-02
+6.52603170E-02
+8.52424090E-02
+7.35790980E-02
+6.97486030E-02
+6.93383030E-02
+6.26043340E-02
+6.96311110E-02
+6.98310320E-02
+6.95367890E-02
+6.97824360E-02
+5.78384140E-02
+8.03542800E-02
+4.07741390E-02
+3.64611670E-02
+8.21269160E-02
+8.43949460E-02
+6.95300220E-02
+6.98484610E-02
+6.95794390E-02
+6.97928930E-02
+6.95536030E-02
+8.67970780E-02
+6.99565210E-02
+7.01958110E-02
+7.00662210E-02
+6.99513950E-02
+6.62810440E-02
+6.99140760E-02
+7.03186370E-02
+7.05874540E-02
+7.09844260E-02
+6.04697890E-02
+3.60572240E-02
+7.43098870E-02
+8.55128660E-02
+6.92460320E-02
+6.98049910E-02
+6.95232560E-02
+6.98113480E-02
+6.95546280E-02
+7.63712290E-02
+5.17815090E-02
+3.60512770E-02
+7.75955710E-02
+8.57956270E-02
+6.97867420E-02
+6.95980980E-02
+6.98097070E-02
+6.95419150E-02
+6.98172940E-02
+8.69506590E-02
+7.02087290E-02
+6.99866630E-02
+7.02198020E-02
+7.00990290E-02
+6.99192020E-02
+7.03992200E-02
+7.00980040E-02
+7.09448520E-02
+7.08700090E-02
+7.50380120E-02
+3.61232490E-02
+6.86702600E-02
+8.53884020E-02
+6.93001640E-02
+6.96167580E-02
+6.98669150E-02
+6.96440290E-02
+6.98902910E-02
+7.35510060E-02
+5.93664280E-02
+3.60592740E-02
+7.47029650E-02
+8.56110840E-02
+6.96140920E-02
+6.95601640E-02
+6.96216790E-02
+6.98677360E-02
+6.96688400E-02
+8.60632130E-02
+3.66471450E-02
+4.18621220E-02
+8.53847120E-02
+7.94750350E-02
+6.95333030E-02
+6.98611740E-02
+6.96721200E-02
+6.98781930E-02
+6.98765530E-02
+8.67886710E-02
+7.02267740E-02
+7.01888400E-02
+7.02899300E-02
+7.01244550E-02
+6.28981670E-02
+7.02165210E-02
+7.06998200E-02
+7.06825960E-02
+7.13350580E-02
+4.30690350E-02
+3.63695110E-02
+6.99577510E-02
+6.52447340E-02
+6.52258690E-02
+7.26934970E-02
+8.57685600E-02
+6.98605590E-02
+6.96083510E-02
+7.28148850E-02
+6.96532560E-02
+7.00459220E-02
+7.58752200E-02
+3.71312630E-02
+3.71888810E-02
+7.00758590E-02
+6.53039920E-02
+6.54294810E-02
+7.45112450E-02
+8.56742390E-02
+6.97057480E-02
+6.96698650E-02
+7.00018370E-02
+6.97686980E-02
+7.01308110E-02
+6.97373250E-02
+7.00377200E-02
+6.96438240E-02
+6.98320570E-02
+7.24923450E-02
+3.61636430E-02
+6.86741560E-02
+8.54302320E-02
+6.90768690E-02
+6.95802590E-02
+6.99844080E-02
+6.98107320E-02
+6.99495490E-02
+7.94481740E-02
+4.44680740E-02
+3.63127130E-02
+8.06023880E-02
+8.56449170E-02
+6.95220260E-02
+6.98593290E-02
+6.95620100E-02
+6.97691080E-02
+6.95841550E-02
+8.69356900E-02
+7.00623260E-02
+7.01316320E-02
+7.03893780E-02
+7.01578780E-02
+6.86973260E-02
+6.98341080E-02
+6.93266150E-02
+7.02870600E-02
+7.08794410E-02
+6.24737190E-02
+3.60801890E-02
+7.35446500E-02
+8.54208000E-02
+6.90034620E-02
+6.95626250E-02
+6.92685870E-02
+6.96024040E-02
+6.93834140E-02
+7.57197940E-02
+5.52076520E-02
+3.60639900E-02
+7.73150650E-02
+8.57882450E-02
+6.94359060E-02
+6.92113790E-02
+6.94793760E-02
+6.92175300E-02
+6.94914740E-02
+8.73896630E-02
+7.00879560E-02
+7.01488560E-02
+7.01254800E-02
+7.02161110E-02
+6.98115530E-02
+6.99714900E-02
+6.98330830E-02
+7.07141730E-02
+7.06444570E-02
+7.64456620E-02
+3.57012610E-02
+6.84992500E-02
+8.54164940E-02
+6.90852760E-02
+6.92439810E-02
+6.96063000E-02
+6.93729560E-02
+6.94184770E-02
+7.24193490E-02
+5.96323750E-02
+3.60662460E-02
+7.46631850E-02
+8.55663840E-02
+6.90912220E-02
+6.94990600E-02
+6.92759690E-02
+6.95862050E-02
+6.92858110E-02
+8.60908950E-02
+3.66395580E-02
+4.46468760E-02
+8.52879290E-02
+7.72703640E-02
+6.94892180E-02
+6.95441710E-02
+6.92495180E-02
+6.95136190E-02
+6.92158900E-02
+8.72336220E-02
+6.96083510E-02
+7.01865840E-02
+6.95533980E-02
+7.00699120E-02
+6.19328040E-02
+6.98550230E-02
+7.00697070E-02
+7.06178010E-02
+7.10328170E-02
+7.06901830E-02
+6.77547210E-02
+4.86424350E-02
+6.22662110E-02
+5.69181590E-02
+7.07086370E-02
+7.08505300E-02
+7.06965390E-02
+7.08829270E-02
+3.66356620E-02
+4.28646020E-02
+8.53262730E-02
+7.85498620E-02
+6.92443910E-02
+6.95351490E-02
+6.93512210E-02
+6.96963160E-02
+6.93577830E-02
+6.96563320E-02
+8.73640320E-02
+3.53534980E-02
+6.60544660E-02
+8.55132760E-02
+6.85982880E-02
+6.92275780E-02
+6.95437610E-02
+6.93428140E-02
+6.95927670E-02
+6.93588080E-02
+7.26664310E-02
+3.46311160E-02
+6.83567420E-02
+8.54134180E-02
+6.89542500E-02
+6.92548490E-02
+6.93292810E-02
+6.95310480E-02
+6.91984620E-02
+7.83335370E-02
+4.58375860E-02
+3.62723180E-02
+7.98644220E-02
+8.56412260E-02
+6.92663310E-02
+6.96077350E-02
+6.94002270E-02
+6.95823100E-02
+6.94514890E-02
+8.72643790E-02
+7.00477670E-02
+7.04189050E-02
+7.04777540E-02
+7.02392810E-02
+6.81266770E-02
+7.00012210E-02
+7.03366810E-02
+7.04992840E-02
+7.07354980E-02
+7.36928990E-02
+3.61857880E-02
+6.88753070E-02
+8.53633870E-02
+6.91480200E-02
+6.92981140E-02
+6.96204480E-02
+6.94133500E-02
+6.97036980E-02
+7.47203940E-02
+5.32422680E-02
+3.60760880E-02
+7.81155720E-02
+8.57060210E-02
+6.95199750E-02
+6.92521830E-02
+6.95802590E-02
+6.93116470E-02
+6.95109530E-02
+8.73355310E-02
+3.68333290E-02
+4.64447340E-02
+8.51441910E-02
+4.89553370E-02
+3.61849680E-02
+7.90614540E-02
+8.55797120E-02
+6.91830830E-02
+6.95115680E-02
+8.75155620E-02
+3.46799170E-02
+6.86329410E-02
+8.53705630E-02
+6.86557010E-02
+6.93085710E-02
+6.95849750E-02
+6.93190290E-02
+6.95417100E-02
+7.16672350E-02
+5.32847130E-02
+3.60744480E-02
+7.45268290E-02
+8.54909260E-02
+6.89226730E-02
+6.95238710E-02
+6.92999590E-02
+6.95622150E-02
+6.93005740E-02
+8.53172510E-02
+6.96425930E-02
+6.98552280E-02
+6.96661740E-02
+6.98962370E-02
+6.94910630E-02
+6.97084140E-02
+6.78898470E-02
+7.01865840E-02
+7.05074850E-02
+7.02491240E-02
+7.04326430E-02
+4.89124820E-02
+6.56113580E-02
+6.98429250E-02
+5.32949650E-02
+7.06083690E-02
+7.01738710E-02
+7.02831640E-02
+7.02690150E-02
+7.05072800E-02
+4.24610680E-02
+3.63371130E-02
+8.05222140E-02
+8.54372040E-02
+6.91798020E-02
+6.95234610E-02
+6.93173880E-02
+6.95681610E-02
+8.15833350E-02
+3.66955360E-02
+4.02264580E-02
+8.52391280E-02
+8.04855110E-02
+6.92819150E-02
+6.91896450E-02
+6.94779400E-02
+6.92078930E-02
+6.93996120E-02
+8.70761460E-02
+6.99378620E-02
+6.98669150E-02
+6.99087450E-02
+6.96317260E-02
+6.34302660E-02
+6.99591870E-02
+6.97758740E-02
+7.05819180E-02
+7.04960030E-02
+5.41998410E-02
+3.60838800E-02
+7.69730460E-02
+8.57697910E-02
+6.95072620E-02
+6.93059060E-02
+6.96411580E-02
+6.93301010E-02
+6.95782090E-02
+7.79297990E-02
+3.88674020E-02
+3.66264350E-02
+8.30045190E-02
+8.36131000E-02
+6.96159370E-02
+6.93542970E-02
+6.96298810E-02
+6.95150540E-02
+6.93216940E-02
+8.73004680E-02
+6.96967260E-02
+6.99700540E-02
+6.97426570E-02
+6.99768210E-02
+6.45477750E-02
+7.00502280E-02
+7.00180350E-02
+7.06871070E-02
+7.11144260E-02
+7.28606110E-02
+3.61843530E-02
+6.91010640E-02
+8.53283240E-02
+6.92236820E-02
+6.93419940E-02
+6.96649440E-02
+6.93862840E-02
+6.95796440E-02
+7.42373000E-02
+5.44823960E-02
+3.60883910E-02
+7.68582190E-02
+8.58278190E-02
+6.95277670E-02
+6.93452750E-02
+6.96382880E-02
+6.93637290E-02
+6.96104010E-02
+8.71306880E-02
+3.66770820E-02
+4.54264660E-02
+8.52372820E-02
+7.67032030E-02
+6.95864110E-02
+6.93622940E-02
+6.93452750E-02
+6.96104010E-02
+6.92718680E-02
+8.72567920E-02
+6.97215370E-02
+7.00555590E-02
+6.97018520E-02
+7.00038870E-02
+6.28192240E-02
+7.01761270E-02
+7.00110640E-02
+7.00729880E-02
+7.05858140E-02
+3.68243070E-02
+3.75573510E-02
+7.00723730E-02
+6.52865630E-02
+6.53915480E-02
+7.52084060E-02
+8.55831970E-02
+6.93856690E-02
+6.95634450E-02
+7.22302950E-02
+6.92784290E-02
+6.96067100E-02
+7.66060110E-02
+3.68616260E-02
+3.82362630E-02
+7.00362850E-02
+6.52490400E-02
+6.53773990E-02
+7.53747000E-02
+8.55585920E-02
+6.92212210E-02
+6.94871680E-02
+6.96192180E-02
+6.94451330E-02
+6.97771050E-02
+6.94195020E-02
+6.96216790E-02
+6.91937460E-02
+6.97760790E-02
+6.90682570E-02
+3.61562610E-02
+6.96624830E-02
+8.53250430E-02
+6.91238250E-02
+6.93637290E-02
+6.96836030E-02
+6.94781450E-02
+6.95718520E-02
+7.96757760E-02
+3.68474770E-02
+3.84123990E-02
+8.48936210E-02
+8.12985240E-02
+6.95068520E-02
+6.92587450E-02
+6.95380190E-02
+6.92860160E-02
+6.94966000E-02
+8.71472970E-02
+3.70519100E-02
+5.69558880E-02
+8.51661310E-02
+6.97201010E-02
+6.96169630E-02
+6.94598960E-02
+6.93407640E-02
+6.96097860E-02
+6.91482250E-02
+8.15677510E-02
+7.00188560E-02
+7.02501490E-02
+7.00360790E-02
+7.00895970E-02
+6.33597300E-02
+6.99991710E-02
+7.05081010E-02
+7.06446620E-02
+7.60702200E-02
+3.67094800E-02
+4.19687490E-02
+8.52897750E-02
+7.93044360E-02
+6.92815050E-02
+6.95507320E-02
+6.92599750E-02
+6.95314580E-02
+6.93296910E-02
+8.73828970E-02
+7.02177510E-02
+7.02249280E-02
+7.02431770E-02
+6.99702590E-02
+6.44358200E-02
+6.99842020E-02
+7.01621840E-02
+7.06930530E-02
+7.05423440E-02
+7.35438300E-02
+3.62056780E-02
+6.87977990E-02
+8.53678980E-02
+6.92374200E-02
+6.93622940E-02
+6.96731460E-02
+6.93897700E-02
+6.96261900E-02
+7.26428500E-02
+5.82126260E-02
+3.60994630E-02
+7.52260410E-02
+8.56049320E-02
+6.93405590E-02
+6.93104170E-02
+6.93901800E-02
+6.96239340E-02
+6.93270260E-02
+8.55598220E-02
+3.66920500E-02
+4.22769360E-02
+8.53566200E-02
+7.90905710E-02
+6.93715210E-02
+6.96138870E-02
+6.93292810E-02
+6.96421830E-02
+6.93305110E-02
+8.71678020E-02
+7.01755120E-02
+7.02874700E-02
+7.02435870E-02
+7.00346440E-02
+6.35379160E-02
+7.00713480E-02
+7.01291710E-02
+7.06077540E-02
+7.10106720E-02
+7.09819650E-02
+7.00145500E-02
+4.90576560E-02
+6.25046810E-02
+7.09327540E-02
+6.30285780E-02
+7.12938420E-02
+7.09813500E-02
+7.09475170E-02
+3.66717510E-02
+4.26609900E-02
+8.52317460E-02
+7.86726850E-02
+6.92402900E-02
+6.94564100E-02
+6.92419310E-02
+6.95232560E-02
+6.92921670E-02
+6.93130820E-02
+8.72356730E-02
+3.53861000E-02
+6.61588360E-02
+8.54613990E-02
+6.86317110E-02
+6.93337920E-02
+6.96188080E-02
+6.92960630E-02
+6.96194230E-02
+6.91861590E-02
+7.76548300E-02
+6.99153070E-02
+6.96866790E-02
+6.99345810E-02
+6.95960480E-02
+6.74137270E-02
+6.74885690E-02
+7.02942360E-02
+7.05195830E-02
+7.85572440E-02
+3.70861520E-02
+4.77287420E-02
+8.50447430E-02
+7.51026020E-02
+6.95045970E-02
+6.92679720E-02
+6.95210000E-02
+6.92741230E-02
+6.93998170E-02
+8.60277400E-02
+3.57346840E-02
+6.04029440E-02
+8.51460360E-02
+6.91326420E-02
+6.95318680E-02
+6.92400850E-02
+6.95203850E-02
+6.95517570E-02
+6.91539670E-02
+8.05181130E-02
+6.96040450E-02
+6.98786030E-02
+6.95823100E-02
+6.98911110E-02
+6.00039220E-02
+7.00658110E-02
+7.01271210E-02
+7.04285420E-02
+7.53697790E-02
+3.66887700E-02
+4.22699640E-02
+8.52307210E-02
+7.80653350E-02
+6.92382400E-02
+6.95162840E-02
+6.92628460E-02
+6.95503220E-02
+6.92173250E-02
+8.71778490E-02
+3.72524460E-02
+4.88218510E-02
+8.51091280E-02
+7.43287510E-02
+6.95029560E-02
+6.92542340E-02
+6.95015210E-02
+6.92823250E-02
+6.94391860E-02
+8.56358950E-02
+3.53608800E-02
+6.81252420E-02
+8.52526610E-02
+6.82874360E-02
+6.95458110E-02
+6.92614100E-02
+6.95154640E-02
+6.92306530E-02
+7.04800090E-02
+5.70083800E-02
+3.61191480E-02
+7.28323140E-02
+8.51640810E-02
+6.87555590E-02
+6.94039180E-02
+6.91951810E-02
+6.94763000E-02
+6.91752910E-02
+8.40051510E-02
+3.67008680E-02
+4.12609230E-02
+6.66154770E-02
+6.52264840E-02
+6.51233460E-02
+7.92453820E-02
+8.34267120E-02
+6.94496440E-02
+6.92936030E-02
+6.93383030E-02
+6.95382240E-02
+6.93093910E-02
+8.70513350E-02
+3.54123460E-02
+6.16957690E-02
+6.51657900E-02
+6.50950490E-02
+6.52039290E-02
+8.51286070E-02
+7.23908470E-02
+6.92269620E-02
+6.92097380E-02
+6.08616360E-02
+6.93504010E-02
+6.92892970E-02
+6.92300380E-02
+6.95103380E-02
+5.82417420E-02
+8.17207160E-02
+3.67156320E-02
+4.05818050E-02
+8.52102160E-02
+8.04211260E-02
+6.91424840E-02
+6.92335240E-02
+6.94436980E-02
+6.91377680E-02
+6.93442500E-02
+8.70556410E-02
+6.98457950E-02
+6.97959690E-02
+6.98607640E-02
+6.95753380E-02
+6.39933270E-02
+7.01591080E-02
+6.97672620E-02
+7.06678330E-02
+7.06737790E-02
+6.12071410E-02
+3.61127910E-02
+7.39248080E-02
+8.53631820E-02
+6.90366790E-02
+6.94736340E-02
+6.92665370E-02
+6.95082870E-02
+6.92583350E-02
+7.74370680E-02
+3.95377020E-02
+3.65737380E-02
+8.25675630E-02
+8.37955920E-02
+6.95021360E-02
+6.92232720E-02
+6.94475930E-02
+6.94791710E-02
+6.91652440E-02
+8.71903570E-02
+6.95240760E-02
+6.97793600E-02
+6.95720570E-02
+6.97514740E-02
+6.49281380E-02
+6.97908430E-02
+7.01648490E-02
+7.02825480E-02
+7.07170440E-02
+6.81693290E-02
+3.61296050E-02
+7.09758140E-02
+8.51917620E-02
+6.88533670E-02
+6.94297540E-02
+6.92730980E-02
+6.94436980E-02
+6.92437760E-02
+7.41038140E-02
+5.87785570E-02
+3.61183280E-02
+7.48522390E-02
+8.54778030E-02
+6.93885400E-02
+6.91871840E-02
+6.92925780E-02
+6.94990600E-02
+6.91658590E-02
+8.69252330E-02
+6.97918680E-02
+7.00610950E-02
+6.99360160E-02
+7.01394230E-02
+6.98601490E-02
+6.98234450E-02
+6.80801310E-02
+7.04812390E-02
+7.09916020E-02
+8.30795670E-02
+3.46760210E-02
+6.80750050E-02
+8.52918250E-02
+6.88999130E-02
+6.94408270E-02
+6.91869790E-02
+6.94316000E-02
+6.91576570E-02
+7.02046280E-02
+6.55008380E-02
+6.97578300E-02
+6.97732090E-02
+7.64561190E-02
+3.57535480E-02
+6.84516790E-02
+6.52451440E-02
+6.53185510E-02
+6.51871150E-02
+8.52856740E-02
+6.87918530E-02
+6.94627670E-02
+6.94801960E-02
+6.37210230E-02
+6.92206060E-02
+6.91455600E-02
+6.94646120E-02
+6.90534930E-02
+6.96241390E-02
+6.07638270E-02
+7.00040920E-02
+7.03916340E-02
+8.72188590E-02
+3.54176780E-02
+6.20468100E-02
+8.51997590E-02
+6.78900520E-02
+6.94687130E-02
+6.92370100E-02
+7.34093180E-02
+3.61550310E-02
+6.97578300E-02
+8.52143170E-02
+6.89837770E-02
+6.92605900E-02
+6.95935870E-02
+6.93089810E-02
+6.95279720E-02
+8.09804950E-02
+6.98773730E-02
+6.95244860E-02
+6.96421830E-02
+6.98925460E-02
+6.95425300E-02
+6.98388240E-02
+6.23357220E-02
+7.02745520E-02
+7.03319650E-02
+8.76273130E-02
+3.53861000E-02
+6.84139500E-02
+8.52688600E-02
+6.85353380E-02
+6.92095330E-02
+6.94656380E-02
+6.95382240E-02
+6.92466470E-02
+6.94014580E-02
+7.54362140E-02
+3.46690500E-02
+6.79833490E-02
+8.52438440E-02
+6.84627520E-02
+6.94521040E-02
+6.92208110E-02
+6.94789660E-02
+6.91875940E-02
+7.63129960E-02
+4.57567970E-02
+3.63582330E-02
+7.99302420E-02
+8.54406900E-02
+6.92150700E-02
+6.94664580E-02
+6.91888250E-02
+6.94584610E-02
+6.92095330E-02
+8.72590480E-02
+6.97771050E-02
+6.97293290E-02
+6.98550230E-02
+6.95127980E-02
+6.76763930E-02
+6.98031460E-02
+6.98689660E-02
+7.02038080E-02
+7.00990290E-02
+6.92854010E-02
+3.61335010E-02
+7.03422170E-02
+8.52026290E-02
+6.90190450E-02
+6.94943440E-02
+6.95183350E-02
+6.93188240E-02
+6.95441710E-02
+7.32536860E-02
+5.63934420E-02
+3.61199680E-02
+7.59730270E-02
+8.54749320E-02
+6.94174510E-02
+6.92566940E-02
+6.95019310E-02
+6.92802750E-02
+6.92228610E-02
+8.62003900E-02
+3.67172720E-02
+4.29334980E-02
+8.51675660E-02
+7.83247200E-02
+6.91853390E-02
+6.94605110E-02
+6.91882090E-02
+6.94506690E-02
+6.91752910E-02
+8.70583070E-02
+6.96173730E-02
+7.01441390E-02
+6.98991080E-02
+6.96040450E-02
+6.53694020E-02
+6.99999910E-02
+7.01997070E-02
+7.03133060E-02
+7.08146470E-02
+7.04962080E-02
+6.64867070E-02
+4.88019620E-02
+6.09065410E-02
+7.06684480E-02
+6.36584840E-02
+7.08870280E-02
+7.04266970E-02
+7.08037790E-02
+7.34552490E-02
+7.08616020E-02
+7.05815080E-02
+7.67800960E-02
+3.54049650E-02
+6.85480510E-02
+8.52159580E-02
+6.84781300E-02
+6.92466470E-02
+6.93688550E-02
+8.68116370E-02
+3.53797440E-02
+6.65014700E-02
+8.54082920E-02
+6.87818050E-02
+6.93223090E-02
+6.95716470E-02
+6.93126720E-02
+6.96200380E-02
+6.91925150E-02
+6.75180960E-02
+3.62276180E-02
+6.88336820E-02
+8.52497900E-02
+6.90147390E-02
+6.92901170E-02
+6.95488870E-02
+6.93069310E-02
+6.95654960E-02
+7.97627190E-02
+4.26316680E-02
+3.64609620E-02
+8.13284610E-02
+8.51087180E-02
+6.93159530E-02
+6.95242810E-02
+6.92778140E-02
+6.95433510E-02
+6.92575140E-02
+8.70410830E-02
+6.98790130E-02
+7.03910190E-02
+7.02074990E-02
+7.01068210E-02
+6.61168010E-02
+6.98170890E-02
+7.02755770E-02
+7.03504190E-02
+7.08611920E-02
+6.72310300E-02
+3.61429330E-02
+7.18913510E-02
+8.52110360E-02
+6.88982720E-02
+6.95531930E-02
+6.94789660E-02
+6.95687760E-02
+6.93321520E-02
+7.57517810E-02
+5.10771710E-02
+3.61316560E-02
+7.89263280E-02
+8.55456740E-02
+6.93077510E-02
+6.94978300E-02
+6.95788240E-02
+6.92546440E-02
+6.95661110E-02
+8.72746320E-02
+3.70886130E-02
+4.76223230E-02
+8.50664780E-02
+7.53111350E-02
+6.96110160E-02
+6.93104170E-02
+6.95892810E-02
+6.93331770E-02
+6.95234610E-02
+8.68179930E-02
+6.99770260E-02
+7.02054490E-02
+6.95985080E-02
+6.99062840E-02
+6.51504120E-02
+7.02267740E-02
+7.02686050E-02
+7.06680380E-02
+7.24343170E-02
+3.69083760E-02
+3.78269890E-02
+8.42577690E-02
+8.23124840E-02
+6.96479250E-02
+6.93487610E-02
+6.96040450E-02
+6.93807480E-02
+6.95566790E-02
+7.24857840E-02
+6.95970730E-02
+7.00992340E-02
+7.85371490E-02
+3.67591020E-02
+4.02143600E-02
+6.86337610E-02
+6.53119890E-02
+6.52147970E-02
+7.77790890E-02
+8.48948510E-02
+6.93456850E-02
+6.95369940E-02
+6.93403540E-02
+6.96108110E-02
+6.94658430E-02
+6.96319310E-02
+6.94945490E-02
+6.90670260E-02
+6.97822310E-02
+6.24357850E-02
+6.99837920E-02
+6.99032090E-02
+7.66730610E-02
+3.57359140E-02
+6.86874840E-02
+8.52676290E-02
+6.90249920E-02
+6.92960630E-02
+8.29920110E-02
+3.67394170E-02
+4.15315850E-02
+8.53205320E-02
+7.98289490E-02
+6.93499910E-02
+6.95642650E-02
+6.93545020E-02
+6.95847700E-02
+6.95156690E-02
+8.70691740E-02
+6.99801020E-02
+6.99624670E-02
+6.99741550E-02
+6.97471680E-02
+6.23230090E-02
+6.99206380E-02
+7.01869940E-02
+7.00877510E-02
+7.04285420E-02
+4.92951020E-02
+3.61782020E-02
+7.86720690E-02
+8.55936550E-02
+6.92527980E-02
+6.94637920E-02
+6.96251640E-02
+6.93432240E-02
+6.95903060E-02
+7.82172750E-02
+3.77181090E-02
+3.70771300E-02
+8.34250710E-02
+8.30709550E-02
+6.96795020E-02
+6.93504010E-02
+6.97000070E-02
+6.93768520E-02
+6.93639340E-02
+8.72161930E-02
+3.71964680E-02
+5.24546810E-02
+8.50960050E-02
+7.26590490E-02
+6.93393280E-02
+6.96399280E-02
+6.93093910E-02
+6.96079400E-02
+6.95023410E-02
+8.45187940E-02
+6.99909690E-02
+6.99499600E-02
+6.99827670E-02
+6.96946760E-02
+6.54495760E-02
+7.01283510E-02
+7.02573280E-02
+7.04115230E-02
+7.52998580E-02
+7.08687790E-02
+6.00123290E-02
+4.88657310E-02
+4.95300860E-02
+7.07016650E-02
+7.13830390E-02
+7.09993940E-02
+7.06098040E-02
+7.06399460E-02
+8.80845710E-02
+3.54834980E-02
+6.42820340E-02
+8.53014620E-02
+6.82884610E-02
+6.95835400E-02
+6.92856060E-02
+6.95480670E-02
+6.92915520E-02
+6.94039180E-02
+8.09419460E-02
+3.52764000E-02
+6.85726570E-02
+8.53145850E-02
+6.86165370E-02
+6.93512210E-02
+6.95878460E-02
+6.96222940E-02
+6.93569620E-02
+7.04914920E-02
+5.92153080E-02
+3.61523660E-02
+6.96272150E-02
+6.53794500E-02
+6.52494500E-02
+6.53345440E-02
+8.52971560E-02
+6.92074830E-02
+6.93877200E-02
+7.24835280E-02
+6.90416010E-02
+6.92156850E-02
+7.67251430E-02
+3.69184240E-02
+3.77322570E-02
+6.98835240E-02
+6.51024310E-02
+6.52318160E-02
+7.45809610E-02
+8.54060360E-02
+6.92687920E-02
+6.91211590E-02
+6.95398650E-02
+6.94455430E-02
+6.97898180E-02
+6.93992020E-02
+6.96546910E-02
+6.91992820E-02
+6.97584450E-02
+7.22893490E-02
+3.62434070E-02
+6.87153700E-02
+8.52504060E-02
+6.91176730E-02
+6.92663310E-02
+6.96282400E-02
+6.93177980E-02
+6.96021990E-02
+8.02304320E-02
+7.00305430E-02
+6.97877670E-02
+6.96011740E-02
+6.99124360E-02
+6.95045970E-02
+7.00494080E-02
+6.21831670E-02
+7.00598650E-02
+7.01049750E-02
+8.76681180E-02
+3.50235770E-02
+6.85164740E-02
+8.53049480E-02
+6.87143450E-02
+6.93186190E-02
+6.96007640E-02
+6.93372780E-02
+6.95763630E-02
+6.92476720E-02
+7.45610720E-02
+3.46957060E-02
+6.81250370E-02
+8.53631820E-02
+6.87303390E-02
+6.96112210E-02
+6.93241550E-02
+6.96462840E-02
+6.93257950E-02
+7.74891500E-02
+4.37061170E-02
+3.64773660E-02
+8.14377510E-02
+8.52713200E-02
+6.94115050E-02
+6.96795020E-02
+6.94734290E-02
+6.97231770E-02
+6.94371360E-02
+8.72541270E-02
+6.96432090E-02
+6.98642500E-02
+6.98970570E-02
+6.96563320E-02
+6.64799400E-02
+6.99142810E-02
+7.01664900E-02
+7.00908270E-02
+7.05739210E-02
+6.66150660E-02
+3.61628230E-02
+7.17634020E-02
+8.52504060E-02
+6.91285410E-02
+6.96518210E-02
+6.94049440E-02
+6.96811420E-02
+6.93914100E-02
+7.32971570E-02
+5.22900270E-02
+3.61447790E-02
+7.73927780E-02
+8.57480560E-02
+6.94945490E-02
+6.93473250E-02
+6.96341870E-02
+6.93928460E-02
+6.95960480E-02
+8.70328810E-02
+3.67283450E-02
+4.46757870E-02
+8.51515730E-02
+7.71153480E-02
+6.94972150E-02
+6.95425300E-02
+6.92763790E-02
+6.96091710E-02
+6.91939510E-02
+8.70712250E-02
+6.99737450E-02
+7.04205450E-02
+6.99477040E-02
+7.01172780E-02
+6.21472830E-02
+7.00211110E-02
+7.01133820E-02
+7.06575800E-02
+7.11146310E-02
+7.07219650E-02
+6.90696920E-02
+4.88934130E-02
+6.27224410E-02
+7.07352930E-02
+6.33338940E-02
+7.12171550E-02
+7.08480690E-02
+7.11636370E-02
+7.39494130E-02
+7.12251510E-02
+7.09428010E-02
+7.68256160E-02
+3.54297750E-02
+6.86290450E-02
+8.53250430E-02
+6.86048500E-02
+6.94076090E-02
+6.93762370E-02
+8.69299490E-02
+3.54215740E-02
+6.61227480E-02
+8.53410360E-02
+6.85777830E-02
+6.92983190E-02
+6.95527830E-02
+6.92823250E-02
+6.96081460E-02
+6.91707800E-02
+6.81170400E-02
+3.62758040E-02
+6.86796920E-02
+8.52106260E-02
+6.90116640E-02
+6.93102120E-02
+6.96108110E-02
+6.93356380E-02
+6.95999440E-02
+7.89273530E-02
+4.14395190E-02
+3.65343690E-02
+8.18982880E-02
+8.46129110E-02
+6.95581140E-02
+6.96175780E-02
+6.93854640E-02
+6.95958430E-02
+6.93325620E-02
+8.71645210E-02
+6.96893440E-02
+7.02563020E-02
+6.98943920E-02
+7.00350540E-02
+6.48508350E-02
+6.98464110E-02
+7.04482270E-02
+7.01115370E-02
+7.04543780E-02
+6.44807250E-02
+3.61581070E-02
+7.32219040E-02
+8.52836230E-02
+6.90647710E-02
+6.96343920E-02
+6.94174510E-02
+6.95130040E-02
+6.92448020E-02
+7.59010560E-02
+7.41343660E-02
+6.95823100E-02
+6.97453220E-02
+6.96569470E-02
+6.98082720E-02
+6.96471050E-02
+6.74990270E-02
+7.05220440E-02
+7.09415710E-02
+8.78104200E-02
+3.55021570E-02
+6.44844160E-02
+8.53412420E-02
+6.84488080E-02
+6.93534770E-02
+6.93177980E-02
+6.95689810E-02
+6.92523880E-02
+6.93268200E-02
+8.09005270E-02
+3.53038760E-02
+6.84857170E-02
+8.52366670E-02
+6.85993130E-02
+6.92663310E-02
+6.95548330E-02
+6.94545650E-02
+6.92751490E-02
+7.06255930E-02
+5.74373390E-02
+3.61605670E-02
+7.29938910E-02
+8.52758310E-02
+6.89068840E-02
+6.95845650E-02
+6.93842340E-02
+6.96019940E-02
+6.92938080E-02
+7.24388280E-02
+6.82193600E-02
+6.93309210E-02
+7.76390420E-02
+3.67794020E-02
+3.98862840E-02
+6.89226730E-02
+6.52666740E-02
+6.51668160E-02
+7.70731090E-02
+8.55085600E-02
+6.93192340E-02
+6.95519630E-02
+6.93465050E-02
+6.96575620E-02
+6.95084920E-02
+6.97258430E-02
+6.96614580E-02
+6.92646910E-02
+6.98755270E-02
+7.06680380E-02
+3.62434070E-02
+6.91646290E-02
+8.52175980E-02
+6.91227990E-02
+6.93616790E-02
+6.97002120E-02
+6.93807480E-02
+6.96274200E-02
+8.09224670E-02
+3.68997640E-02
+3.76367050E-02
+8.40217590E-02
+8.24785730E-02
+6.96833980E-02
+6.93948960E-02
+6.96948810E-02
+6.94391860E-02
+6.95056220E-02
+8.70252960E-02
+6.99839970E-02
+7.05564920E-02
+7.00551490E-02
+7.03014130E-02
+6.49955990E-02
+7.01191240E-02
+6.99380670E-02
+7.04029110E-02
+7.03321700E-02
+5.57557440E-02
+3.61548260E-02
+7.61768440E-02
+8.54214150E-02
+6.94863470E-02
+6.92790440E-02
+6.96058900E-02
+6.93321520E-02
+6.93483500E-02
+7.81656030E-02
+4.26718570E-02
+3.64896690E-02
+8.13635240E-02
+8.50098850E-02
+6.93356380E-02
+6.96417730E-02
+6.94016630E-02
+6.96286500E-02
+6.93091860E-02
+8.71444260E-02
+3.71862160E-02
+5.37384840E-02
+8.50916990E-02
+7.20529290E-02
+6.94274990E-02
+6.96848330E-02
+6.93337920E-02
+6.96610480E-02
+6.92833500E-02
+8.39869010E-02
+7.02919810E-02
+7.02314900E-02
+7.02499440E-02
+7.00211110E-02
+6.22411950E-02
+7.00727830E-02
+7.03629270E-02
+7.03485740E-02
+7.49715770E-02
+3.67779660E-02
+4.08055110E-02
+8.53654370E-02
+8.01986490E-02
+6.94551800E-02
+6.97024670E-02
+6.96432090E-02
+6.94053540E-02
+6.96456690E-02
+8.71351990E-02
+3.73199070E-02
+4.89860940E-02
+8.51085130E-02
+7.43502810E-02
+6.96817580E-02
+6.94346750E-02
+6.96520260E-02
+6.94231930E-02
+6.95851800E-02
+8.59744280E-02
+3.54172680E-02
+6.81244210E-02
+8.52106260E-02
+6.83296760E-02
+6.96327510E-02
+6.93602430E-02
+6.95898960E-02
+6.93456850E-02
+6.93136970E-02
+6.31567330E-02
+3.61730750E-02
+6.95529880E-02
+6.53445920E-02
+6.51979830E-02
+6.52884090E-02
+8.52883390E-02
+6.88084620E-02
+6.94076090E-02
+7.22587960E-02
+6.79907310E-02
+6.93003690E-02
+7.65875560E-02
+3.75241340E-02
+3.71814990E-02
+7.00040920E-02
+6.52176670E-02
+6.53392600E-02
+7.40507070E-02
+8.56201060E-02
+6.96337760E-02
+6.93866940E-02
+6.96378770E-02
+6.95181300E-02
+6.98359530E-02
+6.94633820E-02
+6.97114890E-02
+6.92739180E-02
+6.97816160E-02
+7.71016100E-02
+3.51882300E-02
+6.82628300E-02
+8.53555950E-02
+6.91353070E-02
+6.94434920E-02
+6.97502430E-02
+6.97570100E-02
+6.94730190E-02
+8.03411570E-02
+6.98455900E-02
+7.00330040E-02
+6.98123730E-02
+7.00801650E-02
+6.98564580E-02
+6.98802430E-02
+6.26158170E-02
+7.01636190E-02
+7.05062550E-02
+8.77074870E-02
+3.53465260E-02
+6.85509220E-02
+8.52723460E-02
+6.87024520E-02
+6.94299590E-02
+6.97254330E-02
+6.94601010E-02
+6.96042500E-02
+6.94726090E-02
+7.37617950E-02
+3.47248220E-02
+6.81283170E-02
+8.53195060E-02
+6.89245180E-02
+6.97020570E-02
+6.94516940E-02
+6.97086190E-02
+6.94037130E-02
+7.68885660E-02
+4.73239790E-02
+3.64084700E-02
+8.00848480E-02
+8.55460840E-02
+6.95060320E-02
+6.97360950E-02
+6.94832720E-02
+6.96708900E-02
+6.94701490E-02
+8.73023130E-02
+7.00442810E-02
+7.00094230E-02
+7.00982090E-02
+6.98006850E-02
+6.92829400E-02
+6.98191390E-02
+7.02735260E-02
+7.09464920E-02
+7.09009710E-02
+7.70031870E-02
+3.56044760E-02
+6.84131300E-02
+8.53726140E-02
+6.93108270E-02
+6.94845020E-02
+6.97943290E-02
+6.95111580E-02
+6.95037760E-02
+7.24332920E-02
+5.46909320E-02
+3.61642580E-02
+7.66244650E-02
+8.55036390E-02
+6.95413000E-02
+6.93977670E-02
+6.97143600E-02
+6.94045330E-02
+6.96602280E-02
+8.68811480E-02
+3.67564360E-02
+4.38545720E-02
+8.52998220E-02
+7.78527010E-02
+6.95542180E-02
+6.98371830E-02
+6.95529880E-02
+6.98628140E-02
+6.94760950E-02
+8.71552940E-02
+6.97494230E-02
+7.02673750E-02
+6.97670570E-02
+6.97442970E-02
+6.42182640E-02
+6.99901490E-02
+7.04203400E-02
+7.01830980E-02
+7.06489680E-02
+7.02448180E-02
+6.59601440E-02
+4.84480500E-02
+5.90244090E-02
+7.06661920E-02
+6.65742620E-02
+7.10693150E-02
+7.06257980E-02
+7.10055460E-02
+7.36512740E-02
+7.09981640E-02
+7.07207350E-02
+7.71067360E-02
+3.53992230E-02
+6.86093610E-02
+8.53574400E-02
+6.87266480E-02
+6.94922940E-02
+6.97428620E-02
+8.68651540E-02
+3.54197280E-02
+6.66109650E-02
+8.54294120E-02
+6.88699760E-02
+6.94972150E-02
+6.97900230E-02
+6.94711740E-02
+6.97910480E-02
+6.93752120E-02
+6.84283040E-02
+3.63024600E-02
+6.87159850E-02
+8.53082290E-02
+6.91515060E-02
+6.94838870E-02
+6.97590600E-02
+6.94853220E-02
+6.96657640E-02
+7.97805580E-02
+4.05988240E-02
+3.65946530E-02
+8.22394870E-02
+8.42520280E-02
+6.97719780E-02
+6.96161420E-02
+6.94924990E-02
+6.97791550E-02
+6.94711740E-02
+8.70384170E-02
+3.70197170E-02
+5.75138220E-02
+8.51405000E-02
+7.04000410E-02
+6.98092970E-02
+6.97157950E-02
+6.95289970E-02
+6.98209850E-02
+6.94359060E-02
+8.19296610E-02
+6.98041710E-02
+7.01094860E-02
+6.98291870E-02
+6.98049910E-02
+6.23250590E-02
+7.02044230E-02
+7.07248360E-02
+7.05964760E-02
+7.63650780E-02
+3.67781710E-02
+4.15709540E-02
+8.52073460E-02
+7.88131420E-02
+6.94053540E-02
+6.96823730E-02
+6.93963320E-02
+6.95388400E-02
+6.95597540E-02
+8.71565240E-02
+3.73225720E-02
+4.95290610E-02
+8.51683870E-02
+7.40006750E-02
+6.97676720E-02
+6.95298170E-02
+6.97832560E-02
+6.95257160E-02
+6.96801170E-02
+8.53467780E-02
+3.54381820E-02
+6.81611270E-02
+8.53043330E-02
+6.84537300E-02
+6.98140130E-02
+6.95425300E-02
+6.98138080E-02
+6.95392500E-02
+7.12579590E-02
+5.76866790E-02
+3.61923500E-02
+7.29801530E-02
+8.52622980E-02
+6.90278620E-02
+6.97299440E-02
+6.95039810E-02
+6.97760790E-02
+6.94601010E-02
+8.48696300E-02
+3.67701740E-02
+4.17136670E-02
+6.63265650E-02
+6.53495130E-02
+6.52486290E-02
+7.97038700E-02
+8.31168850E-02
+6.98033510E-02
+6.94668680E-02
+6.96926250E-02
+6.98101170E-02
+6.95527830E-02
+8.69762900E-02
+3.63002050E-02
+6.00262720E-02
+6.52336610E-02
+6.51758380E-02
+6.52875880E-02
+8.52020140E-02
+7.31813050E-02
+6.97135400E-02
+6.93934610E-02
+6.20740810E-02
+6.95812840E-02
+6.97623410E-02
+6.94703540E-02
+6.97576250E-02
+5.85095340E-02
+8.16985710E-02
+3.73299540E-02
+3.72700800E-02
+8.34761280E-02
+8.28609860E-02
+6.97307640E-02
+6.94715840E-02
+6.96073250E-02
+6.94352910E-02
+6.93985870E-02
+8.69389710E-02
+3.61671290E-02
+5.97164440E-02
+8.51942230E-02
+6.84832560E-02
+6.97237920E-02
+6.94543600E-02
+6.97217420E-02
+6.94449280E-02
+6.96060950E-02
+8.10442650E-02
+3.47252330E-02
+6.87891870E-02
+8.53824560E-02
+6.88242500E-02
+6.95193600E-02
+6.97869470E-02
+6.95277670E-02
+6.98267260E-02
+7.72652380E-02
+6.83766320E-02
+6.98474360E-02
+7.02048340E-02
+6.99579560E-02
+7.00738080E-02
+6.97693130E-02
+6.25020150E-02
+7.06508140E-02
+7.07644100E-02
+8.76275180E-02
+3.54685290E-02
+6.66054290E-02
+8.53724090E-02
+6.89251340E-02
+6.94512840E-02
+6.97305590E-02
+6.94687130E-02
+6.97805900E-02
+6.93635240E-02
+7.97842490E-02
+3.49651380E-02
+6.85935720E-02
+8.53480080E-02
+6.87543290E-02
+6.94680980E-02
+6.97816160E-02
+6.95419150E-02
+6.97576250E-02
+7.40343030E-02
+7.26166040E-02
+6.97910480E-02
+6.98704010E-02
+7.00922620E-02
+6.98345180E-02
+7.02042180E-02
+6.09399640E-02
+7.10069810E-02
+7.08650880E-02
+8.77827390E-02
+7.09795050E-02
+5.01064740E-02
+4.93094550E-02
+6.13260680E-02
+7.10541420E-02
+7.11476440E-02
+7.13822190E-02
+7.09758140E-02
+7.13289060E-02
+8.86705960E-02
+3.68944330E-02
+3.88774500E-02
+8.51833550E-02
+8.11584760E-02
+6.98017100E-02
+6.94851170E-02
+6.97838710E-02
+6.95199750E-02
+7.02517890E-02
+6.94863470E-02
+6.95605750E-02
+7.16824080E-02
+4.47225380E-02
+3.64396370E-02
+6.98170890E-02
+6.52945600E-02
+6.51953170E-02
+7.26051220E-02
+8.56859260E-02
+6.98121680E-02
+6.94998800E-02
+6.97738240E-02
+6.95886660E-02
+6.96653540E-02
+6.98681460E-02
+6.95722620E-02
+6.96797070E-02
+6.96202430E-02
+6.47727120E-02
+7.00565840E-02
+7.05540310E-02
+8.70699940E-02
+3.54923150E-02
+6.25217000E-02
+8.53094590E-02
+6.80547050E-02
+6.97988400E-02
+6.95661110E-02
+7.02183670E-02
+3.62019870E-02
+7.11439530E-02
+8.51903270E-02
+6.89536350E-02
+6.97332240E-02
+6.97838710E-02
+6.94988550E-02
+6.97902280E-02
+8.10393440E-02
+3.74357580E-02
+3.72385030E-02
+8.34839200E-02
+8.23073580E-02
+6.98207800E-02
+6.94719940E-02
+6.97652120E-02
+6.95572940E-02
+6.97276880E-02
+8.70392370E-02
+3.62224920E-02
+5.95946460E-02
+8.51716670E-02
+6.88584930E-02
+6.98277510E-02
+6.95439660E-02
+6.97881770E-02
+6.98189340E-02
+6.94299590E-02
+8.10516470E-02
+6.99198180E-02
+7.01521360E-02
+6.98888550E-02
+7.01332720E-02
+6.33351240E-02
+7.05349620E-02
+7.05183530E-02
+7.06069330E-02
+7.72939450E-02
+3.67744800E-02
+4.38139720E-02
+8.51482920E-02
+7.77331580E-02
+6.94049440E-02
+6.96897540E-02
+6.93881300E-02
+6.97570100E-02
+6.93409690E-02
+8.70390320E-02
+3.71802690E-02
+5.53448280E-02
+8.51638750E-02
+7.09001510E-02
+6.95607800E-02
+6.97996600E-02
+6.95156690E-02
+6.98123730E-02
+6.93951010E-02
+8.23018220E-02
+3.54242390E-02
+6.83946760E-02
+8.52325660E-02
+6.86403230E-02
+6.94375460E-02
+6.95777990E-02
+6.97315840E-02
+6.94244230E-02
+7.29926610E-02
+5.30753600E-02
+3.61870190E-02
+7.47130120E-02
+8.55305000E-02
+6.94990600E-02
+6.97941240E-02
+6.95570890E-02
+6.98447700E-02
+6.95228460E-02
+8.69344600E-02
+3.67718150E-02
+4.34391450E-02
+8.51776140E-02
+7.79720390E-02
+6.94207320E-02
+6.97321990E-02
+6.94504640E-02
+6.96462840E-02
+6.94049440E-02
+6.97440920E-02
+6.98380040E-02
+7.03176120E-02
+8.70952150E-02
+3.55146650E-02
+6.39451400E-02
+6.51204750E-02
+6.51635350E-02
+6.52793870E-02
+8.51925820E-02
+7.18958630E-02
+6.94576410E-02
+6.95698020E-02
+6.02362400E-02
+6.98384140E-02
+6.94801960E-02
+6.95056220E-02
+6.97754640E-02
+5.84517110E-02
+8.30227680E-02
+3.67923200E-02
+4.09162380E-02
+8.53133550E-02
+8.02702110E-02
+6.94603060E-02
+6.97014420E-02
+6.96725300E-02
+6.94660480E-02
+6.96788870E-02
+8.70326760E-02
+7.01492660E-02
+6.98941870E-02
+7.01361430E-02
+6.99025940E-02
+6.37222540E-02
+7.02304640E-02
+7.05901200E-02
+7.07180690E-02
+7.06569650E-02
+5.65021170E-02
+3.61886590E-02
+7.63095100E-02
+8.54968720E-02
+6.96430040E-02
+6.94617420E-02
+6.97834610E-02
+6.94853220E-02
+6.94916790E-02
+8.04088230E-02
+7.44917660E-02
+7.02778320E-02
+7.00914420E-02
+7.03143310E-02
+6.99780510E-02
+7.03260190E-02
+6.73230960E-02
+7.05171230E-02
+7.06280530E-02
+8.76486380E-02
+3.54285450E-02
+6.84545500E-02
+8.53240180E-02
+6.84568050E-02
+6.98187290E-02
+6.95538080E-02
+6.97994550E-02
+6.95191550E-02
+6.97190760E-02
+8.12966780E-02
+3.47783400E-02
+6.86015690E-02
+8.52069350E-02
+6.85991080E-02
+6.93731610E-02
+6.96747860E-02
+6.93715210E-02
+6.96809370E-02
+7.45805510E-02
+7.00377200E-02
+6.97873570E-02
+7.00859060E-02
+6.99064900E-02
+6.99349910E-02
+7.01689500E-02
+6.23695550E-02
+7.07106870E-02
+7.06526590E-02
+8.77095370E-02
+3.55105640E-02
+6.52701590E-02
+8.54027560E-02
+6.85086820E-02
+6.95287920E-02
+6.95702120E-02
+6.96829880E-02
+6.95238710E-02
+6.96811420E-02
+7.98853370E-02
+3.52807060E-02
+6.86743610E-02
+8.53968090E-02
+6.88228150E-02
+6.95681610E-02
+6.98783980E-02
+6.97674670E-02
+6.95786190E-02
+7.08976910E-02
+6.29879790E-02
+3.62046530E-02
+7.11578960E-02
+8.51968880E-02
+6.91314110E-02
+6.97609060E-02
+6.97871520E-02
+6.97625460E-02
+6.95724670E-02
+7.22998060E-02
+6.91055750E-02
+6.95160790E-02
+7.82757140E-02
+3.68081080E-02
+4.07177510E-02
+6.81793760E-02
+6.53255220E-02
+6.52113110E-02
+7.76999410E-02
+8.49200720E-02
+6.95074670E-02
+6.97203060E-02
+6.94982400E-02
+6.99077200E-02
+6.97047230E-02
+6.99321200E-02
+6.95851800E-02
+6.88513170E-02
+6.98562530E-02
+6.99932250E-02
+7.08529900E-02
+7.08326910E-02
+8.73105150E-02
+3.47395860E-02
+6.87807800E-02
+8.52795220E-02
+6.86971210E-02
+6.96651490E-02
+8.08822770E-02
+3.68132340E-02
+4.00564730E-02
+8.53609260E-02
+8.06278140E-02
+6.97777200E-02
+6.95408900E-02
+6.98572780E-02
+6.95255110E-02
+6.97494230E-02
+8.70736850E-02
+3.55183560E-02
+6.48432490E-02
+8.54263360E-02
+6.85357490E-02
+6.94576410E-02
+6.95722620E-02
+6.97080040E-02
+6.94338550E-02
+6.96194230E-02
+8.01605110E-02
+3.47438920E-02
+6.88441400E-02
+8.53664620E-02
+6.88995030E-02
+6.97590600E-02
+6.94920890E-02
+6.97014420E-02
+6.98088870E-02
+7.71826040E-02
+4.26648850E-02
+3.64334860E-02
+8.00368670E-02
+8.55268090E-02
+6.95175150E-02
+6.97559850E-02
+6.94797860E-02
+6.97879720E-02
+6.94990600E-02
+8.71233070E-02
+3.73570200E-02
+4.94903070E-02
+8.51390650E-02
+7.40648550E-02
+6.97689030E-02
+6.95054170E-02
+6.97330190E-02
+6.94771200E-02
+6.96979560E-02
+8.61271880E-02
+7.01925310E-02
+7.03721540E-02
+7.00967740E-02
+6.98400540E-02
+6.52031090E-02
+7.03034630E-02
+7.03085890E-02
+7.05343470E-02
+7.53849520E-02
+3.67748900E-02
+4.39013220E-02
+8.52040650E-02
+7.76667230E-02
+6.94726090E-02
+6.97518840E-02
+6.94781450E-02
+6.97629560E-02
+6.93840290E-02
+8.70080720E-02
+3.73250330E-02
+5.01794710E-02
+8.51185600E-02
+7.34298230E-02
+6.97578300E-02
+6.97522940E-02
+6.94939340E-02
+6.94998800E-02
+6.96397230E-02
+8.50131660E-02
+3.55226620E-02
+6.71516770E-02
+8.52953110E-02
+6.85740920E-02
+6.97211270E-02
+6.98336980E-02
+6.95171040E-02
+6.98644550E-02
+7.04902620E-02
+6.08208320E-02
+6.99151020E-02
+6.99452430E-02
+7.86989310E-02
+3.51416840E-02
+6.82613950E-02
+6.52638030E-02
+6.53263420E-02
+6.51865000E-02
+8.52805470E-02
+6.88683350E-02
+6.95084920E-02
+6.97252280E-02
+6.25139080E-02
+6.97541390E-02
+6.95363790E-02
+6.98722470E-02
+6.94992650E-02
+6.68799880E-02
+8.18443610E-02
+7.00110640E-02
+7.06789050E-02
+7.03772800E-02
+7.07588740E-02
+5.41018280E-02
+4.87984760E-02
+6.18171570E-02
+7.07229900E-02
+7.12835900E-02
+5.73823870E-02
+3.61931700E-02
+7.66107270E-02
+8.55130710E-02
+6.96403380E-02
+6.93151330E-02
+6.97422470E-02
+6.94691230E-02
+6.94777350E-02
+7.98894380E-02
+3.78011530E-02
+3.71294170E-02
+8.33662230E-02
+8.21992980E-02
+6.97949440E-02
+6.94625620E-02
+6.98031460E-02
+6.95207950E-02
+6.96038400E-02
+8.70484640E-02
+3.72145120E-02
+5.43421440E-02
+8.51866360E-02
+7.12153090E-02
+6.95712370E-02
+6.98626090E-02
+6.95296120E-02
+6.98322620E-02
+6.94648170E-02
+8.36221220E-02
+7.03963500E-02
+7.01414740E-02
+7.04025010E-02
+7.01308110E-02
+6.45485960E-02
+7.01156380E-02
+7.04547880E-02
+7.05175330E-02
+7.71657900E-02
+3.67855530E-02
+4.40678220E-02
+8.52434340E-02
+7.76328900E-02
+6.95265370E-02
+6.98033510E-02
+6.95015210E-02
+6.98195490E-02
+6.94291390E-02
+8.70870130E-02
+3.73584550E-02
+4.91583340E-02
+8.51484970E-02
+7.38571420E-02
+6.98328770E-02
+6.94588710E-02
+6.98628140E-02
+6.95802590E-02
+6.97592650E-02
+8.54400740E-02
+3.54607380E-02
+6.81231910E-02
+8.52223140E-02
+6.84510640E-02
+6.98277510E-02
+6.95248960E-02
+6.97881770E-02
+6.95443760E-02
+7.23797740E-02
+7.04348990E-02
+7.00032720E-02
+7.01607480E-02
+6.99602120E-02
+7.00965680E-02
+7.00001960E-02
+6.27548390E-02
+7.02583530E-02
+7.06606560E-02
+8.72670450E-02
+3.55339400E-02
+6.58684880E-02
+8.54474560E-02
+6.86622630E-02
+6.95632400E-02
+6.97096440E-02
+6.96001490E-02
+6.97121050E-02
+6.97190760E-02
+6.03459410E-02
+7.01992970E-02
+6.99235080E-02
+8.70220150E-02
+3.55083090E-02
+6.34938310E-02
+6.51848600E-02
+6.52063900E-02
+6.53267530E-02
+8.52346170E-02
+7.18212250E-02
+6.95593440E-02
+6.96700700E-02
+6.03246160E-02
+6.99552910E-02
+6.96032240E-02
+6.96034290E-02
+6.97998650E-02
+5.83457010E-02
+8.29710960E-02
+3.68126190E-02
+4.06699750E-02
+8.53441120E-02
+8.05267250E-02
+6.95374040E-02
+6.96216790E-02
+6.98283660E-02
+6.95743130E-02
+6.97775150E-02
+8.70847580E-02
+3.65712770E-02
+6.08448220E-02
+8.51552640E-02
+6.90137140E-02
+6.98302120E-02
+6.95437610E-02
+6.98123730E-02
+6.96491550E-02
+6.97410160E-02
+8.01154000E-02
+7.03539050E-02
+7.05525960E-02
+7.03395520E-02
+7.05845830E-02
+6.52892290E-02
+7.04027060E-02
+7.05895040E-02
+7.06155450E-02
+8.02985070E-02
+3.70590860E-02
+4.70231730E-02
+8.50162410E-02
+7.56650460E-02
+6.97654170E-02
+6.94664580E-02
+6.96485400E-02
+6.94783510E-02
+6.96366470E-02
+8.63385920E-02
+3.55035930E-02
+6.20744920E-02
+8.52454840E-02
+6.84974050E-02
+6.98607640E-02
+6.95634450E-02
+6.98494860E-02
+6.97342500E-02
+6.94443130E-02
+8.03272140E-02
+3.48443650E-02
+6.87321840E-02
+8.53217620E-02
+6.87506380E-02
+6.95599590E-02
+6.98849600E-02
+6.95419150E-02
+6.98484610E-02
+7.56012760E-02
+4.84513300E-02
+3.62023970E-02
+7.75615320E-02
+8.57353430E-02
+6.98207800E-02
+6.95406850E-02
+6.98363630E-02
+6.95722620E-02
+6.95890760E-02
+8.71378650E-02
+3.68019570E-02
+4.55404720E-02
+8.52299010E-02
+7.66619890E-02
+6.98738870E-02
+6.96005590E-02
+6.95702120E-02
+6.98537920E-02
+6.94670730E-02
+8.71977390E-02
+7.01890450E-02
+7.07478010E-02
+7.02189820E-02
+7.04260820E-02
+6.43827120E-02
+7.05398830E-02
+7.02911600E-02
+7.06973590E-02
+7.33205320E-02
+7.39344450E-02
+6.61206970E-02
+4.88033970E-02
+4.96375310E-02
+7.06307190E-02
+6.96799120E-02
+7.10416340E-02
+7.09329590E-02
+7.09503880E-02
+8.64622360E-02
+3.71456160E-02
+5.73717240E-02
+6.52847180E-02
+6.52289450E-02
+6.53322890E-02
+8.52522510E-02
+7.44206120E-02
+6.99192020E-02
+6.94724040E-02
+6.39320170E-02
+6.96206530E-02
+6.98607640E-02
+8.70123780E-02
+3.55085140E-02
+6.44540690E-02
+6.50493230E-02
+6.52119260E-02
+6.51944970E-02
+8.51003110E-02
+7.09907820E-02
+6.94199120E-02
+6.95435560E-02
+6.00262720E-02
+6.99302750E-02
+6.95966630E-02
+6.98525620E-02
+6.98201650E-02
+5.72657150E-02
+8.24754970E-02
+3.69731710E-02
+3.79539130E-02
+8.45151030E-02
+8.20182410E-02
+6.98759370E-02
+6.94336500E-02
+6.98658900E-02
+6.95829250E-02
+6.97951490E-02
+8.70109430E-02
+6.99794860E-02
+7.04262870E-02
+6.99895340E-02
+7.02684000E-02
+6.49478230E-02
+7.02442030E-02
+7.03713340E-02
+7.06766500E-02
+7.05601830E-02
+5.62300190E-02
+3.62101890E-02
+7.60970810E-02
+8.55184020E-02
+6.98068360E-02
+6.95171040E-02
+6.97559850E-02
+6.95769780E-02
+6.96784770E-02
+7.84965500E-02
+4.41438940E-02
+3.64892580E-02
+8.08880190E-02
+8.55421880E-02
+6.95987130E-02
+6.98205750E-02
+6.95823100E-02
+6.98650700E-02
+6.95780040E-02
+8.70745050E-02
+3.72907900E-02
+5.13353250E-02
+8.51624400E-02
+7.27648530E-02
+6.96222940E-02
+6.98931610E-02
+6.97707480E-02
+6.99241240E-02
+6.97949440E-02
+8.45165390E-02
+7.02766020E-02
+7.02169310E-02
+7.02716810E-02
+6.99801020E-02
+6.33248720E-02
+7.01115370E-02
+7.04978480E-02
+7.04582740E-02
+7.51899520E-02
+7.08921540E-02
+6.11612100E-02
+4.88343590E-02
+5.06408300E-02
+7.06618860E-02
+7.12267920E-02
+7.09235270E-02
+7.07578480E-02
+7.05148670E-02
+8.76779600E-02
+3.54611480E-02
+6.63743410E-02
+8.54263360E-02
+6.87971840E-02
+6.95691870E-02
+6.98427200E-02
+6.95552430E-02
+6.98824990E-02
+6.94346750E-02
+8.08568520E-02
+3.55460370E-02
+6.68395930E-02
+8.53059730E-02
+6.88824840E-02
+6.95068520E-02
+6.98423100E-02
+6.95390450E-02
+6.98164740E-02
+7.00934930E-02
+7.57845890E-02
+7.04166490E-02
+7.03278640E-02
+7.02347700E-02
+7.02671700E-02
+6.79023550E-02
+6.54967370E-02
+7.08271540E-02
+7.09514130E-02
+7.46387850E-02
+7.10555770E-02
+5.31337980E-02
+5.38656130E-02
+5.83377040E-02
+7.12134640E-02
+7.15148840E-02
+7.14714140E-02
+7.10096470E-02
+7.13859100E-02
+7.11339050E-02
+7.11045840E-02
+7.10438900E-02
+5.90246140E-02
+3.62155200E-02
+7.51456620E-02
+8.55942700E-02
+6.98164740E-02
+6.96304960E-02
+7.00397700E-02
+7.56172700E-02
