
+6.67213100E-02
+6.73988300E-02
+6.55488600E-02
+6.76936500E-02
+5.79029200E-02
+5.74642100E-02
+6.52414600E-02
+5.65778800E-02
+6.34897600E-02
+6.92145000E-02
+6.58057100E-02
+6.73424100E-02
+5.83749800E-02
+6.45572300E-02
+6.59276900E-02
+7.05475200E-02
+4.98122100E-02
+5.91865400E-02
+6.64687600E-02
+5.64388100E-02
+5.20633400E-02
+7.07606400E-02
+5.79325000E-02
+6.75005600E-02
+7.29079400E-02
+5.23797600E-02
+5.66674400E-02
+5.14488500E-02
+6.50072600E-02
+5.14399400E-02
+6.03829000E-02
+7.82957100E-02
+5.03194100E-02
+7.26806600E-02
+5.38404200E-02
+6.56713600E-02
+5.55333800E-02
+5.01181400E-02
+5.18708900E-02
+4.94877100E-02
+5.76919000E-02
+7.48792600E-02
+5.00003600E-02
+7.75553600E-02
+5.61789100E-02
+5.40206000E-02
+5.01015700E-02
+5.01437300E-02
+7.01888300E-02
+4.97060700E-02
+4.96972600E-02
+7.25763100E-02
+4.99668000E-02
+6.81573200E-02
+7.23558500E-02
+4.99915500E-02
+5.68784600E-02
+4.99606100E-02
+5.62757200E-02
+4.99919700E-02
+5.47780400E-02
+7.09125000E-02
+6.27117500E-02
