
+6.97661700E-02
+6.88122900E-02
+6.59547500E-02
+6.90932600E-02
+6.93692000E-02
+6.52549900E-02
+6.66722300E-02
+6.75212200E-02
+6.91276600E-02
+6.43600500E-02
+6.92591800E-02
+7.09982900E-02
+7.13532000E-02
+6.98492300E-02
+6.79841600E-02
+6.96996800E-02
+7.09228800E-02
+7.10008100E-02
+7.08000700E-02
+6.92382100E-02
+6.59857900E-02
+6.64463200E-02
+7.11496300E-02
+7.11243600E-02
+6.92402000E-02
+6.91029100E-02
+6.96538400E-02
+6.99049200E-02
+7.10457000E-02
+7.12675200E-02
+6.95080600E-02
+6.81923500E-02
+6.46223600E-02
+7.13175500E-02
+7.03112300E-02
+6.45361500E-02
+6.64332100E-02
+7.03222400E-02
+7.02352900E-02
+6.21757100E-02
+7.15031800E-02
+6.99987900E-02
+7.01563200E-02
+7.03316800E-02
+7.02058200E-02
+7.14928000E-02
+7.00573100E-02
+6.98733600E-02
+6.97679500E-02
+7.10428700E-02
+6.61862100E-02
+6.64558600E-02
+7.05679700E-02
+6.90299200E-02
+6.91029100E-02
+6.96424100E-02
+7.16989900E-02
+6.97147800E-02
+6.96647500E-02
+6.94862500E-02
+6.94604500E-02
+6.98965300E-02
+6.76367000E-02
+6.97894500E-02
+6.76061800E-02
+6.75406300E-02
+6.38792900E-02
+7.15579300E-02
+7.14192800E-02
+6.57040800E-02
+6.54913900E-02
+6.83178900E-02
+6.96446100E-02
+7.14446600E-02
+7.13440800E-02
+6.90744900E-02
+6.96788000E-02
+6.97301900E-02
+7.10302800E-02
+7.03524400E-02
+7.19316100E-02
+6.46717600E-02
+6.79343400E-02
+6.89948900E-02
+7.10498900E-02
