.67000000E-08
-2.10000000E-09
+1.03000000E-08
+0.00000000E-10
+6.20000000E-09
-1.64000000E-08
-3.08000000E-08
+3.08000000E-08
+1.44000000E-08
+1.43800000E-07
+4.73000000E-08
+3.90000000E-08
+3.90000000E-08
+5.14000000E-08
+2.05000000E-08
+6.37000000E-08
+1.64000000E-08
+1.85000000E-08
+8.83000000E-08
+3.53060400E-04
+5.45352600E-04
+5.44839000E-04
+5.44723900E-04
+5.40021200E-04
+5.40179400E-04
+5.40319100E-04
+5.40267800E-04
+5.40163000E-04
+5.40479400E-04
+5.40674600E-04
+5.40590300E-04
+5.40187600E-04
+5.40167100E-04
+5.40224600E-04
+5.40154800E-04
+5.39801400E-04
+5.40087000E-04
+5.39799300E-04
+5.40091100E-04
+5.39924700E-04
+5.39846600E-04
+5.40056200E-04
+9.02310600E-04
+2.68855710E-03
+2.68882630E-03
+4.54370260E-02
+4.54462120E-02
+4.58774470E-02
+4.59352300E-02
+3.59273570E-03
+4.43139400E-02
+4.54073560E-02
+4.56117670E-02
+2.68813190E-03
+4.56818530E-02
+4.58847670E-02
+4.54413110E-02
+4.59019710E-02
+2.38374570E-03
+5.39647300E-04
+5.39684300E-04
+5.40084900E-04
+5.39980100E-04
+5.39739800E-04
+5.39826100E-04
+5.40021200E-04
+5.40189700E-04
+5.40074600E-04
+5.39657600E-04
+5.39858900E-04
+5.39817800E-04
-2.71600000E-06
-2.72830000E-06
-2.73860000E-06
-2.74480000E-06
-2.68930000E-06
-2.77970000E-06
-2.76940000E-06
-2.75300000E-06
-2.77150000E-06
-2.78590000E-06
-2.69750000E-06
-2.80850000E-06
+8.64993300E-04
+5.42476300E-04
+5.42729000E-04
+5.42609900E-04
+5.42496900E-04
+5.42739300E-04
+5.42907800E-04
+5.42776300E-04
+5.42815300E-04
+5.42833800E-04
+5.42782400E-04
+5.42646800E-04
+8.69784300E-04
+5.39682200E-04
+5.39760300E-04
+5.39760300E-04
+5.39466500E-04
+5.39587700E-04
+5.39840400E-04
+5.39480900E-04
+5.39213800E-04
+5.39583600E-04
+5.39499400E-04
+5.39376100E-04
+5.39559000E-04
+5.26063200E-04
+4.66943800E-04
+4.67108200E-04
+4.70791800E-04
+4.66810300E-04
+4.66039900E-04
+4.66298700E-04
+4.66869900E-04
+4.66754800E-04
+4.66565800E-04
+4.66522700E-04
+4.66769200E-04
+4.66648000E-04
+2.52657670E-03
+2.61523720E-03
+2.61514060E-03
+4.51227910E-02
+4.53631880E-02
+4.60119380E-02
+2.61449760E-03
+4.53297660E-02
+4.56036680E-02
+4.65119900E-02
+4.58315780E-02
+5.83654560E-03
+4.44914290E-02
+4.42183270E-02
+4.53393820E-02
+2.61459210E-03
+4.67317700E-04
+4.67449200E-04
+4.66859600E-04
+4.66861700E-04
+4.66619200E-04
+4.66469200E-04
+4.66711700E-04
+4.66752800E-04
+4.67003400E-04
+4.66828800E-04
+4.71009600E-04
+4.66695200E-04
+3.41493700E-04
-6.26551000E-05
-6.29427000E-05
-6.29797000E-05
-6.29591000E-05
-6.29879000E-05
-6.29838000E-05
-6.29345000E-05
-6.30105000E-05
-6.29324000E-05
-6.29735000E-05
-6.30167000E-05
-6.29612000E-05
+4.69509900E-04
+4.69327000E-04
+4.69737900E-04
+4.69750200E-04
+4.69772800E-04
+4.69686500E-04
+4.69647500E-04
+4.69610500E-04
+4.69520100E-04
+4.69725600E-04
+4.69573500E-04
+4.69454400E-04
-9.92269000E-05
-9.93851000E-05
-9.93316000E-05
-9.94467000E-05
-9.93378000E-05
-9.94467000E-05
-9.94652000E-05
-9.93933000E-05
-9.93994000E-05
-9.93748000E-05
-9.95001000E-05
-9.94631000E-05
+1.31089330E-03
+4.66528800E-04
+4.66685000E-04
+4.66541200E-04
+4.66874000E-04
+4.66600700E-04
+4.66902700E-04
+4.67001400E-04
+4.67102000E-04
+4.66843200E-04
+4.66878100E-04
+4.66929400E-04
+4.66915100E-04
+4.82185900E-04
+2.61589260E-03
+2.61536050E-03
