
+8.22000000E-08
+8.22000000E-08
+8.22000000E-08
+0.00000000E-10
-4.11000000E-08
+1.43800000E-07
-6.16000000E-08
+0.00000000E-10
-4.11000000E-08
+2.05000000E-08
+1.23300000E-07
+4.11000000E-08
+6.16000000E-08
+4.11000000E-08
+4.11000000E-08
+6.16000000E-08
-8.22000000E-08
+0.00000000E-10
-1.23300000E-07
-2.05000000E-08
+1.23300000E-07
+0.00000000E-10
+0.00000000E-10
+2.05000000E-08
+0.00000000E-10
+8.22000000E-08
+0.00000000E-10
+1.43800000E-07
-2.05000000E-08
+6.16000000E-08
+1.23300000E-07
-6.16000000E-08
+1.64400000E-07
+8.22000000E-08
+2.05400000E-07
-2.05000000E-08
-4.11000000E-08
+6.16000000E-08
-8.22000000E-08
+6.91392780E-03
+5.43817900E-04
+5.42400300E-04
+5.41825100E-04
+5.41249800E-04
+5.41147100E-04
+5.41064900E-04
+5.41229300E-04
+5.83243100E-04
+5.41167600E-04
+5.41147100E-04
+5.40736200E-04
+5.83202000E-04
+5.40921100E-04
+5.41270300E-04
+5.40982700E-04
+5.40715600E-04
+5.40900500E-04
+5.41126500E-04
+5.41085400E-04
+5.41126500E-04
+5.40818400E-04
+5.41085400E-04
+5.40736200E-04
+5.40880000E-04
+5.40921100E-04
+5.40345800E-04
+5.40654000E-04
+5.37140900E-04
+5.36956000E-04
+5.36832700E-04
+5.78764400E-04
+5.36524500E-04
+5.37243600E-04
+5.37449000E-04
+5.79709400E-04
+5.37551800E-04
+5.37531200E-04
+5.37161400E-04
+5.37079200E-04
+5.36421800E-04
+5.36668300E-04
+5.36236900E-04
+5.36401300E-04
+5.36339600E-04
+5.36853200E-04
+5.36914900E-04
+5.36935400E-04
+5.36935400E-04
+5.36832700E-04
+5.37038100E-04
+5.36791600E-04
+5.36812200E-04
+5.36976500E-04
+5.79216400E-04
+5.36688900E-04
+5.36524500E-04
+5.36462900E-04
+5.78867100E-04
+5.36462900E-04
+5.36565600E-04
+5.36730000E-04
+5.78887600E-04
+5.36462900E-04
+5.36688900E-04
+5.36462900E-04
+5.36462900E-04
+5.36401300E-04
+5.36688900E-04
+5.36278000E-04
+5.36750500E-04
+5.36688900E-04
+5.36956000E-04
+5.36709400E-04
+5.37551800E-04
+5.36956000E-04
+5.36442300E-04
+5.36709400E-04
+5.36401300E-04
+5.37017600E-04
+5.37058700E-04
+5.79216400E-04
+5.37120300E-04
+5.36956000E-04
+5.37284700E-04
+5.79134200E-04
+5.36956000E-04
+5.36935400E-04
+5.37592800E-04
+5.37079200E-04
+5.36976500E-04
+5.37038100E-04
+5.36956000E-04
+5.36586200E-04
+5.36832700E-04
+5.37079200E-04
+5.36853200E-04
+5.36956000E-04
+5.36688900E-04
+5.36606700E-04
+5.36709400E-04
+5.36668300E-04
+5.37079200E-04
+5.36586200E-04
+5.78908200E-04
+5.36668300E-04
+5.36688900E-04
+5.36894300E-04
+5.79216400E-04
+5.36319100E-04
+5.36421800E-04
+5.36627200E-04
+5.36668300E-04
+5.36545100E-04
+5.36154700E-04
+5.36360200E-04
+5.36812200E-04
+5.36565600E-04
+5.36750500E-04
+5.36565600E-04
+5.36668300E-04
+5.36319100E-04
+5.36113600E-04
+5.36421800E-04
+5.36586200E-04
+5.36914900E-04
+5.36730000E-04
+5.78620600E-04
+5.36976500E-04
+5.36873800E-04
+5.36853200E-04
+5.78784900E-04
+5.36401300E-04
+5.36257400E-04
+5.36339600E-04
+5.78600000E-04
+5.36052000E-04
+5.36380700E-04
+5.36319100E-04
+5.36401300E-04
+5.36380700E-04
+5.36853200E-04
+5.36380700E-04
+5.36401300E-04
+5.36257400E-04
+5.36216400E-04
+5.36113600E-04
+5.36154700E-04
+5.36298500E-04
+5.36154700E-04
+5.36216400E-04
+5.36052000E-04
+5.36031500E-04
+5.35969800E-04
+5.78538400E-04
+5.36195800E-04
+5.36647800E-04
+5.36113600E-04
+5.78600000E-04
+5.36278000E-04
+5.36052000E-04
+5.36072500E-04
+5.36298500E-04
+5.36175300E-04
+5.35969800E-04
+5.36113600E-04
+5.35928700E-04
+5.36093100E-04
+5.36010900E-04
+5.35558900E-04
+5.35764400E-04
+5.35538400E-04
+5.35826000E-04
+5.36154700E-04
+5.35908200E-04
+5.35969800E-04
+5.36093100E-04
+5.78271300E-04
+5.35928700E-04
+5.35928700E-04
+5.36072500E-04
+5.78353500E-04
+5.36031500E-04
+2.68463720E-03
+2.68459610E-03
+2.68461670E-03
+2.68418520E-03
+2.68430850E-03
+2.68408250E-03
+2.68416470E-03
+2.68391810E-03
+2.68381540E-03
+2.68354830E-03
+2.68379490E-03
+2.72377480E-03
+2.68395920E-03
+2.68365110E-03
+2.68367160E-03
+2.72790450E-03
+2.68397980E-03
+2.68391810E-03
+2.68416470E-03
+2.74376500E-03
+4.54449200E-02
+4.54664500E-02
+4.54879800E-02
+4.53448570E-02
+4.75757770E-02
+4.32876150E-02
+4.32548080E-02
+4.32730570E-02
+4.27731500E-02
+4.32197450E-02
+4.28906430E-02
+4.76461080E-02
+4.54377440E-02
+4.33003280E-02
+4.27214790E-02
+4.32505020E-02
+4.57551570E-02
+4.76454930E-02
+4.54328220E-02
+4.76391370E-02
+4.28338440E-02
+4.54846990E-02
+4.54350780E-02
+4.79173860E-02
+4.54098570E-02
+4.76424170E-02
+4.51953780E-02
+4.78513610E-02
+2.68408250E-03
+2.68437010E-03
+2.72137110E-03
+2.68400030E-03
+2.68408250E-03
+2.68455500E-03
+7.00379010E-03
+4.54631690E-02
+4.55273490E-02
+4.54418450E-02
+4.46421600E-02
+4.32933570E-02
+4.33452340E-02
+4.55369870E-02
+4.27735610E-02
+4.54512770E-02
+4.69315170E-02
+4.28049330E-02
+4.76377010E-02
+4.79200520E-02
+4.27546960E-02
+4.32642400E-02
+4.76497990E-02
+4.54502510E-02
+4.53811510E-02
+4.59107880E-02
+4.76407770E-02
+4.54416390E-02
+4.54459450E-02
+4.54502510E-02
+4.54596840E-02
+4.54931060E-02
+4.50301090E-02
+4.32523470E-02
+2.50586680E-02
+2.68385650E-03
+2.68447290E-03
+2.68338400E-03
+2.68393870E-03
+2.68315800E-03
+2.68383600E-03
+4.54194940E-02
+4.54463560E-02
+4.54935160E-02
+4.76824020E-02
+4.28481980E-02
+4.32582940E-02
+4.32642400E-02
+4.54769080E-02
+4.54580430E-02
+4.77748780E-02
+4.54410240E-02
+4.54112920E-02
+4.54313870E-02
+4.33292400E-02
+4.54451250E-02
+4.29827090E-02
+4.54365130E-02
+4.49878700E-02
+4.31133250E-02
+4.27077400E-02
+4.79231270E-02
+4.52597620E-02
+4.80164240E-02
+4.54367180E-02
+4.51713870E-02
+4.54387690E-02
+4.76290890E-02
+4.81320710E-02
+2.68379490E-03
+2.68395920E-03
+2.72161760E-03
+2.68352780E-03
+2.68400030E-03
+2.68344560E-03
+1.51899250E-03
+5.36647800E-04
+5.36565600E-04
+5.36524500E-04
+5.36134200E-04
+5.36360200E-04
+5.35990400E-04
+5.36216400E-04
+5.36154700E-04
+5.36154700E-04
+5.36154700E-04
+5.36134200E-04
+5.36278000E-04
+5.36195800E-04
+5.36154700E-04
+5.36298500E-04
+5.36319100E-04
+5.36339600E-04
+5.36257400E-04
+5.78435700E-04
+5.36113600E-04
+5.36093100E-04
+5.35969800E-04
+5.78353500E-04
+5.35949300E-04
+5.35928700E-04
+5.35949300E-04
+5.77819300E-04
+5.35805500E-04
+5.36236900E-04
+5.35682200E-04
+5.35846600E-04
+5.35887600E-04
+5.35600000E-04
+5.35784900E-04
+5.35661700E-04
+5.35476700E-04
+5.35826000E-04
+5.36010900E-04
+5.35990400E-04
+5.35723300E-04
+5.35887600E-04
+5.35784900E-04
+5.35620600E-04
+5.35784900E-04
+5.35867100E-04
+5.77881000E-04
+5.35456200E-04
+5.35969800E-04
+5.36052000E-04
+5.77839900E-04
+5.35764400E-04
+5.35826000E-04
+5.35846600E-04
+5.35743800E-04
+5.35990400E-04
+5.35558900E-04
+5.35620600E-04
+5.35579500E-04
+5.35682200E-04
+5.35887600E-04
+5.35908200E-04
+5.35887600E-04
+5.36134200E-04
+5.36401300E-04
+5.36010900E-04
+5.36236900E-04
+5.35846600E-04
+5.36093100E-04
+5.78189100E-04
+5.35846600E-04
+5.35784900E-04
+5.35990400E-04
+5.77881000E-04
+5.35908200E-04
+5.35826000E-04
+5.35846600E-04
+5.78332900E-04
+5.36216400E-04
+5.35867100E-04
+5.35661700E-04
+5.35764400E-04
+5.35332900E-04
+5.35538400E-04
+5.35497300E-04
+5.35579500E-04
+5.35250800E-04
+5.35394600E-04
+5.35271300E-04
+5.35476700E-04
+5.35620600E-04
+5.35579500E-04
+5.35209700E-04
+5.35291800E-04
+5.35476700E-04
+5.35600000E-04
+5.77675500E-04
+5.35558900E-04
+5.35065900E-04
+5.37120300E-04
-1.76680000E-06
-2.38320000E-06
-2.36260000E-06
-2.30100000E-06
-2.36260000E-06
-2.54750000E-06
-2.42430000E-06
-2.44480000E-06
-2.50650000E-06
-2.44480000E-06
-2.44480000E-06
-2.44480000E-06
-2.46540000E-06
-2.40370000E-06
-2.40370000E-06
-2.54750000E-06
-2.40370000E-06
-2.62970000E-06
-2.28050000E-06
-2.50650000E-06
-2.48590000E-06
-2.40370000E-06
-2.46540000E-06
-2.58860000E-06
-2.42430000E-06
-2.52700000E-06
-2.46540000E-06
-2.44480000E-06
-2.44480000E-06
-2.52700000E-06
-2.38320000E-06
-2.52700000E-06
-2.40370000E-06
-2.42430000E-06
-2.40370000E-06
-2.25990000E-06
-2.46540000E-06
-2.44480000E-06
-2.40370000E-06
-2.48590000E-06
-2.42430000E-06
-2.50650000E-06
-2.46540000E-06
-2.46540000E-06
-2.42430000E-06
-2.50650000E-06
-2.40370000E-06
-2.38320000E-06
-2.40370000E-06
-2.46540000E-06
-2.46540000E-06
-2.50650000E-06
-2.52700000E-06
-2.34210000E-06
-2.42430000E-06
-2.40370000E-06
-2.58860000E-06
-2.54750000E-06
-2.44480000E-06
-2.56810000E-06
-2.46540000E-06
-2.28050000E-06
-2.38320000E-06
-2.54750000E-06
-2.52700000E-06
-2.60920000E-06
-2.50650000E-06
-2.48590000E-06
-2.46540000E-06
-2.36260000E-06
-2.56810000E-06
-2.36260000E-06
-2.48590000E-06
-2.50650000E-06
-2.44480000E-06
-2.28050000E-06
-2.38320000E-06
-2.32150000E-06
-2.44480000E-06
-2.54750000E-06
-2.42430000E-06
-2.46540000E-06
-2.38320000E-06
-2.44480000E-06
-2.40370000E-06
-2.28050000E-06
-2.40370000E-06
-2.56810000E-06
-2.46540000E-06
-2.40370000E-06
-2.56810000E-06
-2.44480000E-06
-2.48590000E-06
-2.36260000E-06
-2.46540000E-06
-2.42430000E-06
-2.56810000E-06
-2.58860000E-06
-2.50650000E-06
+2.74261450E-03
+1.01737310E-03
+5.39174800E-04
+5.39072100E-04
+5.38825500E-04
+5.38825500E-04
+5.38763900E-04
+5.38599500E-04
+5.38846100E-04
+5.38989900E-04
+5.39010400E-04
+5.38969300E-04
+5.38825500E-04
+5.38496800E-04
+5.38722800E-04
+5.38435200E-04
+5.80983200E-04
+5.38825500E-04
+5.38805000E-04
+5.38825500E-04
+5.81106500E-04
+5.38969300E-04
+5.38620100E-04
+5.38661200E-04
+5.38805000E-04
+5.38558400E-04
+5.38599500E-04
+5.38763900E-04
+5.38763900E-04
+5.38558400E-04
+5.38640600E-04
+5.38763900E-04
+5.38496800E-04
+5.38620100E-04
+5.39421300E-04
+5.39174800E-04
+5.38763900E-04
+5.39318600E-04
+5.38805000E-04
+5.81250300E-04
+5.38907700E-04
+5.38969300E-04
+5.39113200E-04
+5.81229700E-04
+5.38928300E-04
+5.39010400E-04
+5.39113200E-04
+5.39092600E-04
+5.38291400E-04
+5.38394100E-04
+5.38599500E-04
+5.38291400E-04
+5.38270800E-04
+5.38332500E-04
+5.38702300E-04
+5.38681700E-04
+5.38681700E-04
+5.39092600E-04
+5.81414600E-04
+5.38866600E-04
+5.38948800E-04
+5.38722800E-04
+5.81332500E-04
+5.39010400E-04
+5.38948800E-04
+5.39154200E-04
+5.61363000E-04
+5.38866600E-04
+5.38887200E-04
+5.38414600E-04
+5.38414600E-04
+5.37613400E-04
+5.38085900E-04
+5.38147600E-04
+5.37962700E-04
+5.37901000E-04
+5.38168100E-04
+5.37983200E-04
+5.38106500E-04
+5.38209200E-04
+5.38640600E-04
+5.80366900E-04
+5.38435200E-04
+5.38127000E-04
+5.38270800E-04
+5.80510700E-04
+5.38270800E-04
+5.38373500E-04
+5.38537900E-04
+5.38620100E-04
+5.38414600E-04
+5.38085900E-04
+5.38024300E-04
+5.38085900E-04
+5.38085900E-04
+5.37818800E-04
+5.37798300E-04
+5.07971790E-03
+2.76204970E-03
+5.35846600E-04
+5.35538400E-04
+5.35353500E-04
+5.35435700E-04
+5.35620600E-04
+5.35476700E-04
+5.35250800E-04
+5.35394600E-04
+5.35476700E-04
+5.35620600E-04
+5.35579500E-04
+5.35764400E-04
+5.36134200E-04
+5.35764400E-04
+5.35702700E-04
+5.35682200E-04
+5.36072500E-04
+5.35990400E-04
+5.77942600E-04
+5.35743800E-04
+5.35250800E-04
+5.35641100E-04
+5.77901500E-04
+5.35620600E-04
+5.35661700E-04
+5.35826000E-04
+5.77696100E-04
+5.35867100E-04
+5.35661700E-04
+5.35969800E-04
+5.36031500E-04
+5.36216400E-04
+5.36257400E-04
+5.36462900E-04
+5.36236900E-04
+5.36010900E-04
+5.36442300E-04
+5.36709400E-04
+5.36236900E-04
+5.36216400E-04
+5.36195800E-04
+5.36175300E-04
+5.36216400E-04
+5.35990400E-04
+5.36298500E-04
+5.78332900E-04
+5.36257400E-04
+5.36154700E-04
+5.35743800E-04
+5.77963100E-04
+5.35990400E-04
+5.35908200E-04
+5.35805500E-04
+5.36052000E-04
+5.35887600E-04
+5.35846600E-04
+5.36113600E-04
+5.35908200E-04
+5.35867100E-04
+5.35805500E-04
+5.35949300E-04
+5.35990400E-04
+5.35682200E-04
+5.35867100E-04
+5.35990400E-04
+5.35949300E-04
+5.35990400E-04
+5.35928700E-04
+5.77942600E-04
+5.35969800E-04
+5.36010900E-04
+5.35682200E-04
+5.77593300E-04
+5.35682200E-04
+5.36257400E-04
+5.35908200E-04
+5.77922000E-04
+5.36072500E-04
+5.35867100E-04
+5.36052000E-04
+5.35908200E-04
+5.35908200E-04
+5.35949300E-04
+5.35826000E-04
+5.35990400E-04
+5.35784900E-04
+5.35867100E-04
+5.36401300E-04
+5.36442300E-04
+5.36442300E-04
+5.36627200E-04
+5.36668300E-04
+5.36647800E-04
+5.36339600E-04
+5.36401300E-04
+5.78784900E-04
+5.36627200E-04
+5.36627200E-04
+5.36545100E-04
+5.78661700E-04
+5.36647800E-04
+5.35415100E-04
+4.64330500E-04
+4.64022400E-04
+4.63816900E-04
+4.63775800E-04
+4.63899100E-04
+4.63693700E-04
+4.63816900E-04
+4.63899100E-04
+4.63878600E-04
+4.63755300E-04
+4.63734800E-04
+4.63632000E-04
+4.63940200E-04
+4.63549800E-04
+4.63652600E-04
+4.63590900E-04
+5.05625300E-04
+4.63426600E-04
+4.63652600E-04
+4.63796400E-04
+5.05769200E-04
+4.64145600E-04
+4.63858000E-04
+4.63940200E-04
+5.02379300E-04
+4.63796400E-04
+4.63549800E-04
+4.63837500E-04
+4.63673100E-04
+4.63549800E-04
+4.63775800E-04
+4.63878600E-04
+4.63940200E-04
+4.63652600E-04
+4.63858000E-04
+4.63796400E-04
+4.63673100E-04
+4.63714200E-04
+4.63878600E-04
+5.06036200E-04
+4.63899100E-04
+4.63549800E-04
+4.63775800E-04
+5.05728100E-04
+4.63858000E-04
+4.63919700E-04
+4.63796400E-04
+5.05871900E-04
+4.64042900E-04
+4.63734800E-04
+4.64125100E-04
+4.64268900E-04
+4.64659300E-04
+4.64577100E-04
+4.64556500E-04
+4.64392200E-04
+4.64351100E-04
+4.64433300E-04
+4.64412700E-04
+4.64494900E-04
+4.63755300E-04
+4.63775800E-04
+4.63796400E-04
+4.63816900E-04
+4.64063500E-04
+4.63940200E-04
+5.05769200E-04
+4.63632000E-04
+4.63570400E-04
+4.63426600E-04
+5.05789700E-04
+4.63693700E-04
+4.63858000E-04
+4.63755300E-04
+4.63673100E-04
+4.63878600E-04
+4.63590900E-04
+4.63734800E-04
+4.63447100E-04
+4.63508800E-04
+4.63632000E-04
+4.63529300E-04
+4.63611500E-04
+4.64042900E-04
+4.63755300E-04
+4.63549800E-04
+4.63488200E-04
+4.63652600E-04
+4.63611500E-04
+5.05769200E-04
+4.63755300E-04
+4.63673100E-04
+4.63899100E-04
+5.05687000E-04
+4.63714200E-04
+4.63775800E-04
+4.63837500E-04
+4.63878600E-04
+4.64268900E-04
+4.64166200E-04
+1.00823070E-03
+2.61256640E-03
+2.61190900E-03
+2.61190900E-03
+2.65585410E-03
+2.61137480E-03
+2.61141590E-03
+2.61108720E-03
+2.65540210E-03
+2.61129260E-03
+2.61121050E-03
+2.61131320E-03
+2.61112830E-03
+2.61110770E-03
+2.61121050E-03
+2.61075850E-03
+2.61102550E-03
+2.61104610E-03
+2.61094340E-03
+2.61121050E-03
+9.90673330E-03
+4.56222860E-02
+4.56942580E-02
+4.33727100E-02
+4.56446360E-02
+4.79309190E-02
+4.34442720E-02
+4.35511010E-02
+4.54814190E-02
+4.61974470E-02
+4.59860400E-02
+4.80301620E-02
+4.78111710E-02
+4.46811190E-02
+4.33587670E-02
+4.34018270E-02
+4.56749830E-02
+4.28664470E-02
+4.56571440E-02
+4.56091630E-02
+4.78111710E-02
+4.79342000E-02
+4.80379540E-02
+4.61533620E-02
+4.78983170E-02
+4.79344050E-02
+4.56196210E-02
+4.29796330E-02
+3.80287550E-02
+2.61131320E-03
+2.61164190E-03
+2.61158030E-03
+2.61153920E-03
+2.61135430E-03
+2.61112830E-03
+4.56208510E-02
+4.56341790E-02
+4.56153150E-02
+4.51437060E-02
+4.58144160E-02
+4.33903440E-02
+4.34032620E-02
+4.79479380E-02
+4.29277560E-02
+4.38375530E-02
+4.54752670E-02
+4.33587670E-02
+4.53247620E-02
+4.34085930E-02
+4.78802720E-02
+4.33298550E-02
+4.77845150E-02
+4.56165450E-02
+4.78804770E-02
+4.53975540E-02
+4.60891790E-02
+4.56132640E-02
+4.55839420E-02
+4.27836080E-02
+4.78726860E-02
+4.56046520E-02
+4.56030120E-02
+4.66501920E-02
+2.61190900E-03
+2.61108720E-03
+2.64942360E-03
+2.61034760E-03
+2.61114880E-03
+2.61073790E-03
+4.39654500E-03
+4.56278230E-02
+4.56382800E-02
+4.60440690E-02
+4.56335640E-02
+4.79840260E-02
+4.34534990E-02
+4.29345230E-02
+4.40042560E-02
+4.55970650E-02
+4.56643210E-02
+4.80754780E-02
+4.34014170E-02
+4.28896170E-02
+4.33554860E-02
+4.28851060E-02
+4.56231060E-02
+4.56169550E-02
+4.51502670E-02
+4.33425680E-02
+4.33679940E-02
+4.56128540E-02
+4.80855250E-02
+4.56142890E-02
+4.82409520E-02
+4.33273950E-02
+4.56118290E-02
+4.33829620E-02
+3.92625290E-02
+2.61166240E-03
+2.61067630E-03
+2.61151860E-03
+2.61073790E-03
+2.61110770E-03
+2.61034760E-03
+4.65090700E-04
+4.64145600E-04
+4.64248400E-04
+4.64207300E-04
+4.63673100E-04
+4.63858000E-04
+4.63919700E-04
+4.63796400E-04
+4.63714200E-04
+4.63755300E-04
+4.63755300E-04
+5.05748600E-04
+4.63858000E-04
+4.64207300E-04
+4.64084000E-04
+5.06282800E-04
+4.63960700E-04
+4.64330500E-04
+4.64248400E-04
+5.06241700E-04
+4.64001800E-04
+4.63652600E-04
+4.63755300E-04
+4.63590900E-04
+4.63714200E-04
+4.63426600E-04
+4.63488200E-04
+4.63344400E-04
+4.63139000E-04
+4.62892400E-04
+4.62748600E-04
+4.62543200E-04
+4.62769200E-04
+4.62851300E-04
+4.63097900E-04
+4.63282800E-04
+4.63364900E-04
+4.63385500E-04
+5.04988500E-04
+4.62830800E-04
+4.62830800E-04
+4.62913000E-04
+5.05111700E-04
+4.62769200E-04
+4.63262200E-04
+4.63508800E-04
+4.63611500E-04
+4.63118400E-04
+4.63323900E-04
+4.62954100E-04
+4.62995100E-04
+4.63364900E-04
+4.63323900E-04
+4.63200600E-04
+4.62871900E-04
+4.63159500E-04
+4.62995100E-04
+4.63364900E-04
+4.63529300E-04
+4.64289500E-04
+4.65481000E-04
+5.07494900E-04
+4.64905800E-04
+4.65378300E-04
+4.65049600E-04
+5.07289500E-04
+4.64905800E-04
+4.64453800E-04
+4.64207300E-04
+5.06077300E-04
+4.63775800E-04
+4.63981300E-04
+4.63406000E-04
+4.63282800E-04
+4.62892400E-04
+4.62913000E-04
+4.62871900E-04
+4.62871900E-04
+4.63015700E-04
+4.63282800E-04
+4.63077300E-04
+4.63447100E-04
+4.63303300E-04
+4.63837500E-04
+5.05645900E-04
+4.63878600E-04
+4.64145600E-04
+4.64001800E-04
+5.06180000E-04
+4.64310000E-04
+4.64268900E-04
+4.64166200E-04
+5.06632000E-04
+4.64248400E-04
+4.64207300E-04
+4.64084000E-04
+4.63919700E-04
+4.63734800E-04
+4.63262200E-04
+7.89635200E-04
-5.87372000E-05
-6.01137000E-05
-6.09560000E-05
-6.15518000E-05
-6.19422000E-05
-6.19627000E-05
-6.22709000E-05
-6.25996000E-05
-6.28667000E-05
-6.28667000E-05
-6.28462000E-05
-6.25174000E-05
-6.23325000E-05
-6.20655000E-05
-6.22298000E-05
-6.23736000E-05
-6.27845000E-05
-6.26818000E-05
-6.29489000E-05
-6.28667000E-05
-6.29489000E-05
-6.29489000E-05
-6.31338000E-05
-6.31543000E-05
-6.31132000E-05
-6.31132000E-05
-6.32160000E-05
-6.32160000E-05
-6.32365000E-05
-6.30721000E-05
-6.31132000E-05
-6.30311000E-05
-6.29489000E-05
-6.28256000E-05
-6.29283000E-05
-6.28051000E-05
-6.27845000E-05
-6.27229000E-05
-6.27434000E-05
-6.25585000E-05
-6.25380000E-05
-6.25380000E-05
-6.23531000E-05
-6.23325000E-05
-6.22093000E-05
-6.21065000E-05
-6.19627000E-05
-6.20038000E-05
-6.20038000E-05
-6.21065000E-05
-6.21887000E-05
-6.23942000E-05
-6.20449000E-05
-6.23325000E-05
-6.24558000E-05
-6.24763000E-05
-6.25174000E-05
-6.25996000E-05
-6.25996000E-05
-6.26407000E-05
-6.26613000E-05
-6.24353000E-05
-6.22093000E-05
-6.21887000E-05
-6.21065000E-05
-6.21682000E-05
-6.21271000E-05
-6.22298000E-05
-6.22093000E-05
-6.23736000E-05
-6.24969000E-05
-6.24558000E-05
-6.23120000E-05
-6.24969000E-05
-6.22504000E-05
-6.21271000E-05
-6.21271000E-05
-6.22093000E-05
-6.21682000E-05
-6.21065000E-05
-6.20860000E-05
-6.22093000E-05
-6.21682000E-05
-6.22914000E-05
-6.22914000E-05
-6.23325000E-05
-6.22914000E-05
-6.24558000E-05
-6.26202000E-05
-6.28667000E-05
-6.30721000E-05
-6.31338000E-05
-6.31543000E-05
-6.32365000E-05
-6.33803000E-05
-6.33598000E-05
-6.32570000E-05
-6.33392000E-05
-6.33598000E-05
+3.00396370E-03
+4.65070200E-04
+4.65152300E-04
+4.64741400E-04
+4.64864700E-04
+4.64885300E-04
+4.64823600E-04
+4.64638700E-04
+4.64864700E-04
+4.65255100E-04
+4.65255100E-04
+4.65357800E-04
+5.07536000E-04
+4.65398900E-04
+4.65234500E-04
+4.65398900E-04
+5.07803100E-04
+4.65830300E-04
+4.66117900E-04
+4.65727600E-04
+4.65994700E-04
+4.65912500E-04
+4.66282300E-04
+4.66405600E-04
+4.66528800E-04
+4.66528800E-04
+4.66590500E-04
+4.66590500E-04
+4.66713700E-04
+4.66837000E-04
+4.66878100E-04
+5.09302800E-04
+4.67145200E-04
+4.67186300E-04
+4.67145200E-04
+5.09241200E-04
+4.67289000E-04
+4.67371200E-04
+4.67227300E-04
+4.67083500E-04
+4.67515000E-04
+4.67268400E-04
+4.66754800E-04
+4.67083500E-04
+4.67083500E-04
+4.67083500E-04
+4.66939700E-04
+4.66939700E-04
+4.67206800E-04
+4.66857500E-04
+4.67063000E-04
+4.67124600E-04
+4.67063000E-04
+4.66980800E-04
+5.09179600E-04
+4.66939700E-04
+4.67042400E-04
+4.67063000E-04
+5.09220700E-04
+4.67042400E-04
+4.66795900E-04
+4.67165700E-04
+4.67063000E-04
+4.67391700E-04
+4.67371200E-04
+4.67289000E-04
+4.66939700E-04
+4.66898600E-04
+4.67268400E-04
+4.67371200E-04
+4.67268400E-04
+4.67165700E-04
+4.67658800E-04
+5.09343900E-04
+4.67268400E-04
+4.67247900E-04
+4.67063000E-04
+5.09261700E-04
+4.67104100E-04
+4.66939700E-04
+4.66980800E-04
+4.67042400E-04
+4.67124600E-04
+4.67042400E-04
+4.67001400E-04
+4.67063000E-04
+4.67083500E-04
+4.67083500E-04
+4.67145200E-04
+4.66919200E-04
+4.67001400E-04
+4.67104100E-04
+4.67227300E-04
+4.67247900E-04
+4.66919200E-04
+4.66980800E-04
+5.09241200E-04
-9.78543000E-05
-9.85530000E-05
-9.81214000E-05
-9.83475000E-05
-9.86352000E-05
-9.84708000E-05
-9.85530000E-05
-9.84503000E-05
-9.85325000E-05
-9.83886000E-05
-9.86146000E-05
-9.87174000E-05
-9.86146000E-05
-9.86352000E-05
-9.86146000E-05
-9.84708000E-05
-9.85735000E-05
-9.84914000E-05
-9.86146000E-05
-9.86352000E-05
-9.85941000E-05
-9.87584000E-05
-9.86352000E-05
-9.86557000E-05
-9.86557000E-05
-9.86557000E-05
-9.85735000E-05
-9.87174000E-05
-9.87584000E-05
-9.85941000E-05
-9.86763000E-05
-9.87790000E-05
-9.86352000E-05
-9.86557000E-05
-9.87995000E-05
-9.86146000E-05
-9.87584000E-05
-9.85941000E-05
-9.86968000E-05
-9.87174000E-05
-9.85735000E-05
-9.87995000E-05
-9.86968000E-05
-9.87584000E-05
-9.87174000E-05
-9.87174000E-05
-9.87584000E-05
-9.86763000E-05
-9.87790000E-05
-9.86352000E-05
-9.88406000E-05
-9.86763000E-05
-9.87174000E-05
-9.86968000E-05
-9.86352000E-05
-9.87584000E-05
-9.87174000E-05
-9.86763000E-05
-9.87174000E-05
-9.87790000E-05
-9.85941000E-05
-9.86968000E-05
-9.87995000E-05
-9.87379000E-05
-9.86557000E-05
-9.87174000E-05
-9.86968000E-05
-9.87995000E-05
-9.87174000E-05
-9.89228000E-05
-9.87790000E-05
-9.87174000E-05
-9.86557000E-05
-9.86352000E-05
-9.86763000E-05
-9.86146000E-05
-9.87995000E-05
-9.87174000E-05
-9.85735000E-05
-9.86968000E-05
-9.86557000E-05
-9.86763000E-05
-9.86146000E-05
-9.87790000E-05
-9.86763000E-05
-9.87584000E-05
-9.87995000E-05
-9.88406000E-05
-9.87379000E-05
-9.87584000E-05
-9.87584000E-05
-9.87584000E-05
-9.86968000E-05
-9.86968000E-05
-9.88817000E-05
-9.87995000E-05
-9.88406000E-05
-9.87174000E-05
-9.88406000E-05
+4.94572300E-04
+5.85912220E-03
+5.35682200E-04
+5.36278000E-04
+4.92620600E-04
+5.05995100E-04
+4.63611500E-04
+4.63755300E-04
+4.63549800E-04
+5.05543200E-04
+4.63570400E-04
+4.63549800E-04
+4.63221100E-04
+4.63426600E-04
+4.63323900E-04
+4.63447100E-04
+4.63262200E-04
+4.63447100E-04
+4.63262200E-04
+4.63139000E-04
+4.63200600E-04
+4.63385500E-04
+4.63262200E-04
+4.63097900E-04
+4.63097900E-04
+4.62974600E-04
+4.62974600E-04
+4.63056800E-04
+5.05378800E-04
+4.63221100E-04
+4.62954100E-04
+4.63077300E-04
+5.04988500E-04
+4.62728100E-04
+4.62481500E-04
+4.62111700E-04
+4.62193900E-04
+4.62050100E-04
+4.62050100E-04
+4.62050100E-04
+4.62091200E-04
+4.61967900E-04
+4.61885700E-04
+4.61926800E-04
+4.62276100E-04
+4.62358300E-04
+4.62235000E-04
+4.62748600E-04
+4.62687000E-04
+4.62419900E-04
+4.62317200E-04
+5.04515900E-04
+4.62666400E-04
+4.62337700E-04
+4.62522600E-04
+5.04536500E-04
+4.62995100E-04
+4.62584200E-04
+4.62563700E-04
+5.05091200E-04
+4.63077300E-04
+4.63508800E-04
+4.63693700E-04
+4.63549800E-04
+4.63467700E-04
+4.63467700E-04
+4.63467700E-04
+4.63858000E-04
+4.64392200E-04
+4.64289500E-04
+4.64453800E-04
+4.64885300E-04
+4.64412700E-04
+4.64063500E-04
+4.63816900E-04
+4.63919700E-04
+4.63693700E-04
+4.64433300E-04
+5.07186700E-04
+4.64803100E-04
+4.64330500E-04
+4.64659300E-04
+5.07207300E-04
+4.64556500E-04
+4.64351100E-04
+4.64207300E-04
+4.63940200E-04
+4.64022400E-04
+4.63755300E-04
+4.63508800E-04
+4.63570400E-04
+4.63796400E-04
+4.63878600E-04
+4.63858000E-04
+4.63878600E-04
+4.64001800E-04
+4.64001800E-04
+4.64186700E-04
+4.64433300E-04
+4.64453800E-04
+4.64741400E-04
+5.07104600E-04
+4.64946900E-04
+4.64782500E-04
+4.64988000E-04
+2.41726850E-03
+2.61273080E-03
+2.61256640E-03
+2.61252530E-03
+2.65661430E-03
+2.61254590E-03
+2.61254590E-03
+2.04485480E-03
-1.98174100E-04
-1.21214000E-05
-5.46490000E-06
-3.34880000E-06
-2.32150000E-06
-1.84900000E-06
-1.35590000E-06
-1.21210000E-06
-8.83400000E-07
-9.24500000E-07
-7.80700000E-07
-5.75300000E-07
-5.34200000E-07
-4.10900000E-07
-4.10900000E-07
-3.28700000E-07
-3.69800000E-07
-3.49300000E-07
-3.28700000E-07
-2.26000000E-07
-3.28700000E-07
-1.84900000E-07
-2.26000000E-07
-6.16000000E-08
-3.49300000E-07
-3.49300000E-07
-1.02700000E-07
-2.67100000E-07
-1.64400000E-07
-1.43800000E-07
-1.64400000E-07
-4.11000000E-08
-1.64400000E-07
-1.02700000E-07
-1.43800000E-07
-6.16000000E-08
-1.02700000E-07
-8.22000000E-08
-1.23300000E-07
+6.16000000E-08
+2.05000000E-08
-4.11000000E-08
-4.11000000E-08
-1.02700000E-07
-1.64400000E-07
-2.05000000E-08
-2.05000000E-08
-1.02700000E-07
-2.05000000E-08
-2.05000000E-08
+2.05000000E-08
+1.02700000E-07
-1.43800000E-07
-6.16000000E-08
+0.00000000E-10
-2.05000000E-08
-2.05000000E-08
+2.05000000E-08
-8.22000000E-08
-1.23300000E-07
+1.43800000E-07
-1.02700000E-07
-6.16000000E-08
-6.16000000E-08
+8.22000000E-08
-4.11000000E-08
+2.05000